Line,Date,SessionTime,DriverAhead,DistanceToDriverAhead,Time_x,RPM,Speed,nGear,Throttle,Brake,DRS,Source,Distance,RelativeDistance,Status,X,Y,Z,Time_y,RacePosition,GapToLeaderSeconds,IntervalToAheadSeconds
2,2022-08-28 13:03:44.580,0 days 01:02:44.500000,,0.0,0 days 00:00:00,8730.141598933333,0.0,1,20.0,False,1,interpolation,-0.03584772552476973,-6.626092167425731e-06,OnTrack,-879.0452873923589,1976.9265695137456,4151.999764511829,,,,
3,2022-08-28 13:03:44.722,0 days 01:02:44.642000,,0.0,0 days 00:00:00.142000,8655.0,0.0,1,20.0,False,1,car,0.0,0.0,OnTrack,-879.0278487144762,1976.9548451649193,4151.99985519087,,,,
4,2022-08-28 13:03:44.773,0 days 01:02:44.693000,,0.0,0 days 00:00:00.193000,8391.270822892307,0.686539323076923,1,20.0,False,1,pos,0.03822751851266709,7.065973009135077e-06,OnTrack,-879.0,1977.0,4152.0,,,,
5,2022-08-28 13:03:45.233,0 days 01:02:45.153000,,0.0,0 days 00:00:00.653000,6012.540053661538,6.878847015384615,1,20.0,False,1,pos,0.9821124407115682,0.00018153362467679437,OnTrack,-880.0,1979.0,4152.0,,,,
6,2022-08-28 13:03:45.242,0 days 01:02:45.162000,1,0.0,0 days 00:00:00.662000,5966.0,7.0,1,20.0,False,1,car,1.011111111111111,0.0001868937377659052,OnTrack,-880.1167084700081,1979.0997243643687,4151.999808036977,,,,
7,2022-08-28 13:03:45.402,0 days 01:02:45.322000,11,0.011111111111111516,0 days 00:00:00.822000,4846.0,14.0,1,20.0,False,1,car,1.6333333333333329,0.0003019052686987699,OnTrack,-882.8082718271733,1981.7067273962916,4151.99914087454,,,,
8,2022-08-28 13:03:45.413,0 days 01:02:45.333000,11,0.011111111111111504,0 days 00:00:00.833000,4840.41746752,14.35750208,1,20.1375008,False,1,pos,1.6897216795707262,0.00031232808838587984,OnTrack,-883.0,1982.0,4152.0,,,,
9,2022-08-28 13:03:45.613,0 days 01:02:45.533000,11,0.011111111111111282,0 days 00:00:01.033000,4738.91746752,20.85750208,1,22.637500799999998,False,1,pos,3.0804338174037813,0.0005693872649094285,OnTrack,-887.0,1990.0,4152.0,,,,
10,2022-08-28 13:03:45.802,0 days 01:02:45.722000,18,0.011111111111111072,0 days 00:00:01.222000,4643.0,27.0,1,25.0,False,1,car,4.633333333333333,0.000856425149982225,OnTrack,-894.6361036677604,2000.1115700545706,4151.921522853001,,,,
11,2022-08-28 13:03:45.833,0 days 01:02:45.753000,18,0.03694449777777778,0 days 00:00:01.253000,4619.12995072,27.46500096,1,25.7750016,False,1,pos,4.878670130546731,0.0009017731938706371,OnTrack,-896.0,2002.0,4152.0,,,,
12,2022-08-28 13:03:46.002,0 days 01:02:45.922000,18,0.17777777777777803,0 days 00:00:01.422000,4489.0,30.0,1,30.0,False,1,car,6.299999999999999,0.0011644917506952554,OnTrack,-903.4732271240815,2013.5848563801235,4152.903634846351,,,,
13,2022-08-28 13:03:46.033,0 days 01:02:45.953000,18,0.1691666488888891,0 days 00:00:01.453000,4603.15773568,31.47250304,1,31.31750272,False,1,pos,6.621604847406156,0.001223937177963204,OnTrack,-905.0,2016.0,4153.0,,,,
14,2022-08-28 13:03:46.193,0 days 01:02:46.113000,18,0.12472220444444446,0 days 00:00:01.613000,5192.35773568,39.07250304,1,38.11750272,False,1,pos,8.637699724888115,0.0015965920753356966,OnTrack,-914.0,2030.0,4153.0,,,,
15,2022-08-28 13:03:46.402,0 days 01:02:46.322000,18,0.06666666666666643,0 days 00:00:01.822000,5962.0,49.0,1,47.0,False,1,car,11.744444444444445,0.0021708426463578224,OnTrack,-928.3025846357032,2051.882114746111,4153.731023653279,,,,
16,2022-08-28 13:03:46.512,0 days 01:02:46.432000,18,0.08849208888888788,0 days 00:00:01.932000,6611.7864704,52.1428608,1,50.5357184,False,1,pos,13.415598289314335,0.0024797386569123695,OnTrack,-937.0,2065.0,4154.0,,,,
17,2022-08-28 13:03:46.672,0 days 01:02:46.592000,18,0.12023812063491848,0 days 00:00:02.092000,7556.929327542857,56.71428937142857,1,55.678575542857146,False,1,pos,16.00331772363668,0.002958052614750808,OnTrack,-951.0,2086.0,4154.0,,,,
18,2022-08-28 13:03:46.682,0 days 01:02:46.602000,3,0.12222222222222001,0 days 00:00:02.102000,7616.0,57.0,1,56.0,False,1,car,16.177777777777777,0.0029902998042544834,OnTrack,-951.9090543907957,2087.381490958781,4154.02218262423,,,,
19,2022-08-28 13:03:46.872,0 days 01:02:46.792000,3,0.17514703952810293,0 days 00:00:02.292000,8732.713645154114,64.40947442282351,1,58.116992692235286,False,1,pos,19.784833245262227,0.0036570277941252558,OnTrack,-970.0,2115.0,4155.0,,,,
20,2022-08-28 13:03:47.041,0 days 01:02:46.961000,18,0.22222222222222143,0 days 00:00:02.461000,9726.0,71.0,1,60.0,False,1,car,23.258055555555554,0.004299018068516889,OnTrack,-988.1803571788694,2141.439846709488,4155.791865357563,,,,
21,2022-08-28 13:03:47.092,0 days 01:02:47.012000,18,0.29305564444444415,0 days 00:00:02.512000,9841.175144533334,72.2750016,1,60.6375008,False,1,pos,24.321573449471458,0.004495598673942582,OnTrack,-994.0,2150.0,4156.0,,,,
22,2022-08-28 13:03:47.281,0 days 01:02:47.201000,18,0.5555555555555571,0 days 00:00:02.701000,10268.0,77.0,1,63.0,False,1,car,28.39138888888889,0.005247863198713024,OnTrack,-1016.5826288307024,2184.2396708338138,4156.704448020442,,,,
23,2022-08-28 13:03:47.352,0 days 01:02:47.272000,18,0.462473936997228,0 days 00:00:02.772000,10613.931844970835,79.43302448508899,1,64.769472352792,False,1,pos,30.02239673100321,0.005549338623706896,OnTrack,-1025.0,2197.0,4157.0,,,,
24,2022-08-28 13:03:47.532,0 days 01:02:47.452000,18,0.22649258153677032,0 days 00:00:02.952000,11490.941365620709,85.60125001395639,1,69.25545455560464,False,1,pos,34.425208679237414,0.0063631542099896335,OnTrack,-1049.0,2233.0,4158.0,,,,
25,2022-08-28 13:03:47.602,0 days 01:02:47.522000,3,0.13472222222222285,0 days 00:00:03.022000,11832.0,88.0,1,71.0,False,1,car,36.23805555555555,0.006698240754869971,OnTrack,-1064.2341648028184,2256.0779031961347,4158.611390700876,,,,
26,2022-08-28 13:03:47.752,0 days 01:02:47.672000,3,0.8263894791111133,0 days 00:00:03.172000,11052.74933504,96.25000704,1,73.25000192,False,1,pos,40.31403038307621,0.007451643780693672,OnTrack,-1101.0,2312.0,4160.0,,,,
27,2022-08-28 13:03:47.802,0 days 01:02:47.722000,18,1.0569444444444471,0 days 00:00:03.222000,10793.0,99.0,1,74.0,False,1,car,41.738055555555555,0.007714860537222972,OnTrack,-1109.9089314420771,2325.5503149989368,4160.29131054864,,,,
28,2022-08-28 13:03:48.122,0 days 01:02:48.042000,55,0.3466666666666711,0 days 00:00:03.542000,10438.0,112.0,2,81.0,False,1,car,51.6936111111111,0.009555045032148808,OnTrack,-1139.9987114485605,2371.0148196847713,4160.867500823588,,,,
29,2022-08-28 13:03:48.152,0 days 01:02:48.072000,55,0.3716667733333369,0 days 00:00:03.572000,10500.85026816,113.27500544,2,81.82500352,False,1,pos,52.70577040294517,0.009742132515598063,OnTrack,-1144.0,2377.0,4161.0,,,,
30,2022-08-28 13:03:48.413,0 days 01:02:48.333000,55,0.5891667199999958,0 days 00:00:03.833000,11047.64513408,124.36750272,2,89.00250176,False,1,pos,62.03254401144613,0.011466092980312603,OnTrack,-1196.0,2455.0,4163.0,,,,
31,2022-08-28 13:03:48.522,0 days 01:02:48.442000,55,0.6799999999999926,0 days 00:00:03.942000,11276.0,129.0,2,92.0,False,1,car,66.02694444444445,0.012204417798280874,OnTrack,-1225.8619308231468,2500.4583070548624,4163.965747289646,,,,
32,2022-08-28 13:03:48.653,0 days 01:02:48.573000,55,0.6072221866666595,0 days 00:00:04.073000,10817.499776,133.093752,2,92.0,False,1,pos,70.86835966457997,0.013099304795985358,OnTrack,-1261.0,2554.0,4165.0,,,,
33,2022-08-28 13:03:48.682,0 days 01:02:48.602000,55,0.591111111111104,0 days 00:00:04.102000,10716.0,134.0,2,92.0,False,1,car,71.98250000000002,0.013305242451495437,OnTrack,-1267.479788086561,2563.8026824973485,4165.183536417046,,,,
34,2022-08-28 13:03:49.002,0 days 01:02:48.922000,55,1.3911111111111012,0 days 00:00:04.422000,11224.0,152.0,3,100.0,False,1,car,85.49361111111111,0.015802635694609067,OnTrack,-1319.1737262301008,2641.0925416712407,4166.745163306026,,,,
35,2022-08-28 13:03:49.033,0 days 01:02:48.953000,55,1.4686112711111006,0 days 00:00:04.453000,11172.419337955556,153.03333546666667,3,100.0,False,1,pos,86.86580858667695,0.016056272621691806,OnTrack,-1325.0,2650.0,4167.0,,,,
36,2022-08-28 13:03:49.213,0 days 01:02:49.133000,55,1.918611271111096,0 days 00:00:04.633000,10872.919337955556,159.03333546666667,3,100.0,False,1,pos,94.97418927335926,0.017555025386951854,OnTrack,-1368.0,2716.0,4169.0,,,,
37,2022-08-28 13:03:49.362,0 days 01:02:49.282000,55,2.2911111111110927,0 days 00:00:04.782000,10625.0,164.0,3,100.0,False,1,car,101.89361111111113,0.018834011045625293,OnTrack,-1423.3209595645078,2798.6419887975767,4171.0591233714595,,,,
38,2022-08-28 13:03:49.433,0 days 01:02:49.353000,55,2.4488890311110922,0 days 00:00:04.853000,10806.76016384,167.19500288,3,100.0,False,1,pos,105.26203308937889,0.019456630030792503,OnTrack,-1451.0,2840.0,4172.0,,,,
39,2022-08-28 13:03:49.562,0 days 01:02:49.482000,55,2.7355555555555355,0 days 00:00:04.982000,11137.0,173.0,4,100.0,False,1,car,111.50472222222224,0.020610528443070437,OnTrack,-1497.8185045645605,2910.6125663072903,4173.48777652583,,,,
40,2022-08-28 13:03:49.762,0 days 01:02:49.682000,55,3.1799999999999784,0 days 00:00:05.182000,11417.0,180.0,4,100.0,False,1,car,121.50472222222226,0.02245892804734862,OnTrack,-1559.5194709571772,3004.896684202151,4175.253847345754,,,,
41,2022-08-28 13:03:49.873,0 days 01:02:49.793000,55,3.488333511111085,0 days 00:00:05.293000,11363.349969066667,183.23750186666666,4,100.0,False,1,pos,127.19872444998808,0.023511407193804762,OnTrack,-1584.0,3042.0,4176.0,,,,
42,2022-08-28 13:03:50.002,0 days 01:02:49.922000,55,3.8466666666666356,0 days 00:00:05.422000,11301.0,187.0,4,100.0,False,1,car,133.9713888888889,0.024763266220682086,OnTrack,-1602.9889233999224,3070.2041201165366,4176.665898321216,,,,
43,2022-08-28 13:03:50.253,0 days 01:02:50.173000,55,4.186756259555546,0 days 00:00:05.673000,11120.4193984,195.3666688,4,100.0,False,1,pos,147.72487966494768,0.027305460911473154,OnTrack,-1656.0,3149.0,4179.0,,,,
44,2022-08-28 13:03:50.362,0 days 01:02:50.282000,63,4.334444444444443,0 days 00:00:05.782000,11042.0,199.0,5,100.0,False,1,car,153.8713888888889,0.02844158143319567,OnTrack,-1713.4754210968279,3236.102843922503,4181.459769168708,,,,
45,2022-08-28 13:03:50.433,0 days 01:02:50.353000,63,4.156944284444441,0 days 00:00:05.853000,11137.406336,200.9968768,5,100.0,False,1,pos,157.91919841399414,0.029189778385635468,OnTrack,-1749.0,3290.0,4183.0,,,,
46,2022-08-28 13:03:50.682,0 days 01:02:50.602000,63,3.534444444444432,0 days 00:00:06.102000,11472.0,208.0,5,100.0,False,1,car,172.3602777777778,0.03185906692377223,OnTrack,-1804.0226982471065,3373.19874811995,4185.719913393565,,,,
47,2022-08-28 13:03:50.833,0 days 01:02:50.753000,63,2.7374996622222194,0 days 00:00:06.253000,11567.3187904,212.718752,5,100.0,False,1,pos,181.28640878047526,0.03350897262508434,OnTrack,-1839.0,3426.0,4188.0,,,,
48,2022-08-28 13:03:50.842,0 days 01:02:50.762000,63,2.6899999999999977,0 days 00:00:06.262000,11573.0,213.0,5,100.0,False,1,car,181.82694444444442,0.03360888521582223,OnTrack,-1842.0387115568096,3430.594140011788,4188.195811175455,,,,
49,2022-08-28 13:03:51.002,0 days 01:02:50.922000,63,1.5344444444444605,0 days 00:00:06.422000,11628.0,217.0,5,76.0,False,1,car,191.47138888888887,0.03539156394528164,OnTrack,-1911.846693040018,3536.235947171946,4192.713871576871,,,,
50,2022-08-28 13:03:51.073,0 days 01:02:50.993000,63,1.2413226524444516,0 days 00:00:06.493000,11327.8028544,211.45312,5,59.137484799999996,False,1,pos,195.52959069157635,0.036141681805898496,OnTrack,-1944.0,3585.0,4195.0,,,,
51,2022-08-28 13:03:51.322,0 days 01:02:51.242000,55,0.21333333333330984,0 days 00:00:06.742000,10275.0,192.0,5,0.0,True,1,car,208.53805555555556,0.038546165936583075,OnTrack,-2038.9598237009068,3729.877236073027,4203.124992681185,,,,
52,2022-08-28 13:03:51.393,0 days 01:02:51.313000,55,0.3003929356190386,0 days 00:00:06.813000,9927.0996864,186.1678518857143,5,0.0,True,1,pos,212.00031043789608,0.039186128992025906,OnTrack,-2061.0,3764.0,4205.0,,,,
53,2022-08-28 13:03:51.593,0 days 01:02:51.513000,55,0.5456310308571748,0 days 00:00:07.013000,8947.0996864,169.73928045714285,5,0.0,True,1,pos,221.27710777286643,0.040900851844318714,OnTrack,-2113.0,3846.0,4209.0,,,,
54,2022-08-28 13:03:51.602,0 days 01:02:51.522000,63,0.5566666666667004,0 days 00:00:07.022000,8903.0,169.0,5,0.0,True,1,car,221.6825,0.04097578452753984,OnTrack,-2115.1935666326954,3849.4898168457457,4209.178566125609,,,,
55,2022-08-28 13:03:51.793,0 days 01:02:51.713000,63,0.34444437333336103,0 days 00:00:07.213000,9591.55523072,157.53999616,5,0.0,True,1,pos,230.02729994968155,0.042518237020017044,OnTrack,-2160.0,3922.0,4213.0,,,,
56,2022-08-28 13:03:51.802,0 days 01:02:51.722000,63,0.33444444444447186,0 days 00:00:07.222000,9624.0,157.0,5,0.0,True,1,car,230.40472222222223,0.04258799973793804,OnTrack,-2161.9830889684126,3925.3500129189824,4213.153219857197,,,,
57,2022-08-28 13:03:52.113,0 days 01:02:52.033000,63,0.1727352097777497,0 days 00:00:07.533000,9616.2249984,140.4781216,5,0.0,True,1,pos,242.52215002225353,0.04482778461298277,OnTrack,-2222.0,4035.0,4217.0,,,,
58,2022-08-28 13:03:52.122,0 days 01:02:52.042000,3,0.16805555555552587,0 days 00:00:07.542000,9616.0,140.0,5,0.0,True,1,car,242.84916666666666,0.04488823035659533,OnTrack,-2223.4693040850466,4037.8474626259886,4217.109179705584,,,,
59,2022-08-28 13:03:52.353,0 days 01:02:52.273000,3,0.21065510439507232,0 days 00:00:07.773000,9567.874986666666,128.4499968,5,0.0,True,1,pos,250.8285646359917,0.04636314196148319,OnTrack,-2258.0,4111.0,4220.0,,,,
60,2022-08-28 13:03:52.482,0 days 01:02:52.402000,63,0.23444444444447754,0 days 00:00:07.902000,9541.0,122.0,3,0.0,True,1,car,255.04916666666668,0.04714327787381471,OnTrack,-2278.622185710387,4166.165077694457,4221.284241987932,,,,
61,2022-08-28 13:03:52.573,0 days 01:02:52.493000,63,0.28500003555559655,0 days 00:00:07.993000,9320.8935952,116.8812464,3,0.0,True,1,pos,257.9571857112446,0.04768079599893785,OnTrack,-2291.0,4204.0,4222.0,,,,
62,2022-08-28 13:03:52.642,0 days 01:02:52.562000,63,0.3233333333333803,0 days 00:00:08.062000,9154.0,113.0,2,0.0,True,1,car,260.07138888888886,0.04807158523062997,OnTrack,-2297.8636311042037,4228.428222409586,4222.436064099113,,,,
63,2022-08-28 13:03:52.922,0 days 01:02:52.842000,63,1.023333333333369,0 days 00:00:08.342000,8150.0,97.0,2,0.0,True,1,car,267.61583333333334,0.049466100043190964,OnTrack,-2307.9157166351356,4300.617511717589,4223.027025004199,,,,
64,2022-08-28 13:03:52.932,0 days 01:02:52.852000,63,1.0498713714286065,0 days 00:00:08.352000,8123.785378742858,96.64285257142858,2,0.0,True,1,pos,267.86591056313927,0.04951232430845218,OnTrack,-2308.0,4303.0,4223.0,,,,
65,2022-08-28 13:03:53.202,0 days 01:02:53.122000,6,1.7663888888889119,0 days 00:00:08.622000,7416.0,87.0,2,0.0,True,1,car,274.3825,0.05071685044208587,OnTrack,-2304.9756629416106,4366.315715401255,4220.946091938127,,,,
66,2022-08-28 13:03:53.362,0 days 01:02:53.282000,63,1.8455555555555634,0 days 00:00:08.782000,7416.0,87.0,2,0.0,True,1,car,278.24916666666667,0.0514315649557401,OnTrack,-2301.1046030587445,4396.607801137256,4219.399081319716,,,,
67,2022-08-28 13:03:53.412,0 days 01:02:53.332000,63,1.8733333980724691,0 days 00:00:08.832000,7590.552378138523,84.8494573535295,2,0.0,True,1,pos,279.3791096803838,0.05164042357768126,OnTrack,-2300.0,4404.0,4219.0,,,,
68,2022-08-28 13:03:53.641,0 days 01:02:53.561000,63,2.000555555555536,0 days 00:00:09.061000,8390.0,75.0,1,0.0,True,1,car,284.06166666666667,0.052505947225726796,OnTrack,-2291.129554861243,4432.055478264052,4217.979585052835,,,,
69,2022-08-28 13:03:53.652,0 days 01:02:53.572000,63,2.000555555555536,0 days 00:00:09.072000,8359.58482304,74.77999872,1,0.02750016,True,1,pos,284.27596141922675,0.05254555745930989,OnTrack,-2290.0,4434.0,4218.0,,,,
70,2022-08-28 13:03:53.932,0 days 01:02:53.852000,63,2.000555555555536,0 days 00:00:09.352000,7585.38482304,69.17999872,1,0.7275001600000001,True,1,pos,289.50832088425744,0.05351270657577027,OnTrack,-2244.0,4499.0,4220.0,,,,
71,2022-08-28 13:03:54.041,0 days 01:02:53.961000,63,2.000555555555536,0 days 00:00:09.461000,7284.0,67.0,1,1.0,True,1,car,291.5061111111111,0.053881978042244996,OnTrack,-2232.739114431354,4513.350366089911,4220.055964846606,,,,
72,2022-08-28 13:03:54.202,0 days 01:02:54.122000,63,2.0452777777777555,0 days 00:00:09.622000,6973.0,66.0,1,4.0,True,1,car,294.4577777777778,0.054427563992107776,OnTrack,-2225.1153564651663,4519.273727334328,4219.039951515482,,,,
73,2022-08-28 13:03:54.352,0 days 01:02:54.272000,63,1.8786109688888406,0 days 00:00:09.772000,6831.4373792,65.0624992,1,5.8750016,True,1,pos,297.1704904173441,0.054928981689057264,OnTrack,-2202.0,4527.0,4218.0,,,,
74,2022-08-28 13:03:54.362,0 days 01:02:54.282000,63,1.86749999999995,0 days 00:00:09.782000,6822.0,65.0,1,6.0,False,1,car,297.3466666666667,0.05496154610001036,OnTrack,-2199.658294632314,4527.772939573608,4217.938102232915,,,,
75,2022-08-28 13:03:54.552,0 days 01:02:54.472000,63,1.4980553066666311,0 days 00:00:09.972000,6971.285814857143,62.28571245714286,1,13.464290742857143,False,1,pos,300.56549642015534,0.05555651446426909,OnTrack,-2146.0,4545.0,4217.0,,,,
76,2022-08-28 13:03:54.642,0 days 01:02:54.562000,63,1.323055555555527,0 days 00:00:10.062000,7042.0,61.0,1,17.0,False,1,car,302.0911111111111,0.05583850902337345,OnTrack,-2129.0179553393477,4549.566515999876,4216.80400866965,,,,
77,2022-08-28 13:03:54.842,0 days 01:02:54.762000,63,0.7119444444444412,0 days 00:00:10.262000,7219.0,63.0,1,21.0,False,1,car,305.5911111111111,0.056485448884870816,OnTrack,-2113.3938114479447,4549.727278622981,4216.697313957899,,,,
78,2022-08-28 13:03:54.952,0 days 01:02:54.872000,63,4.479703458370371,0 days 00:00:10.372000,7406.916885333333,63.45833386666666,1,24.208337066666665,False,1,pos,307.53180311575585,0.056844166318211944,OnTrack,-2101.0,4548.0,4216.0,,,,
79,2022-08-28 13:03:55.082,0 days 01:02:55.002000,3,8.932500000000005,0 days 00:00:10.502000,7629.0,64.0,1,28.0,False,1,car,309.85777777777776,0.057274099382696175,OnTrack,-2078.365136743066,4545.386205531302,4214.368248737663,,,,
80,2022-08-28 13:03:55.253,0 days 01:02:55.173000,3,8.36249978666668,0 days 00:00:10.673000,7911.1501056,66.1375008,1,33.98500224,False,1,pos,313.02618831845825,0.057859748261654645,OnTrack,-2043.0,4541.0,4212.0,,,,
81,2022-08-28 13:03:55.373,0 days 01:02:55.293000,3,7.962499786666685,0 days 00:00:10.793000,8109.1501056,67.6375008,1,38.18500224,False,1,pos,315.3362906962535,0.05828674749375051,OnTrack,-2020.0,4537.0,4211.0,,,,
82,2022-08-28 13:03:55.482,0 days 01:02:55.402000,3,7.59916666666669,0 days 00:00:10.902000,8289.0,69.0,1,42.0,False,1,car,317.5244444444444,0.058691205745976104,OnTrack,-1996.0247391610847,4531.243709119018,4209.875379578463,,,,
83,2022-08-28 13:03:55.713,0 days 01:02:55.633000,3,6.379999662222261,0 days 00:00:11.133000,8935.8001792,74.7750016,1,46.62000128,False,1,pos,322.44812668570086,0.0596012989766091,OnTrack,-1941.0,4515.0,4207.0,,,,
84,2022-08-28 13:03:55.882,0 days 01:02:55.802000,3,5.488055555555604,0 days 00:00:11.302000,9409.0,79.0,1,50.0,False,1,car,326.30222222222216,0.06031368984306473,OnTrack,-1908.030169597521,4504.373264199351,4205.255187225099,,,,
85,2022-08-28 13:03:56.133,0 days 01:02:56.053000,3,3.5835489935556124,0 days 00:00:11.553000,10454.5721416,86.0593768,1,55.4906264,False,1,pos,332.40368514281704,0.061441484007859294,OnTrack,-1863.0,4488.0,4203.0,,,,
86,2022-08-28 13:03:56.202,0 days 01:02:56.122000,55,3.060000000000059,0 days 00:00:11.622000,10742.0,88.0,1,57.0,False,1,car,334.1244444444444,0.061759549089077895,OnTrack,-1849.0357427358776,4482.517992029932,4202.364457244772,,,,
87,2022-08-28 13:03:56.513,0 days 01:02:56.433000,55,1.5322661786667156,0 days 00:00:11.933000,10061.68736,92.859376,1,67.6906272,False,1,pos,342.14352439875466,0.0632417955105001,OnTrack,-1778.0,4453.0,4199.0,,,,
88,2022-08-28 13:03:56.522,0 days 01:02:56.442000,3,1.4880555555556043,0 days 00:00:11.942000,10042.0,93.0,1,68.0,False,1,car,342.39111111111106,0.06328755942861453,OnTrack,-1775.7851250138115,4452.055348547752,4198.873017687631,,,,
89,2022-08-28 13:03:56.693,0 days 01:02:56.613000,3,5.517244563555625,0 days 00:00:12.113000,9838.937424,101.55000319999999,1,70.85000106666666,False,1,pos,347.3044360150381,0.06419573820942542,OnTrack,-1732.0,4433.0,4196.0,,,,
90,2022-08-28 13:03:56.762,0 days 01:02:56.682000,18,7.143055555555634,0 days 00:00:12.182000,9757.0,105.0,2,72.0,False,1,car,349.39111111111106,0.06458143915160926,OnTrack,-1713.2865754391537,4424.459413021444,4194.482527860213,,,,
91,2022-08-28 13:03:56.913,0 days 01:02:56.833000,18,5.381388142222309,0 days 00:00:12.333000,10431.10742857143,111.47143131428571,2,76.31428754285714,False,1,pos,354.1562678929866,0.06546223054260349,OnTrack,-1672.0,4405.0,4191.0,,,,
92,2022-08-28 13:03:57.042,0 days 01:02:56.962000,18,3.8763888888889824,0 days 00:00:12.462000,11007.0,117.0,2,80.0,False,1,car,358.491111111111,0.06626348279150239,OnTrack,-1639.6323525156004,4389.4637559645,4188.949088846982,,,,
93,2022-08-28 13:03:57.173,0 days 01:02:57.093000,18,3.9597801333334335,0 days 00:00:12.593000,11510.986357333333,123.18611413333333,2,84.73055786666667,False,1,pos,363.18140612706213,0.0671304367366456,OnTrack,-1596.0,4368.0,4186.0,,,,
94,2022-08-28 13:03:57.373,0 days 01:02:57.293000,18,4.087094948148259,0 days 00:00:12.793000,12280.430801777778,132.63055857777778,2,91.95278008888889,False,1,pos,370.77077770239924,0.0685332558783029,OnTrack,-1498.0,4319.0,4178.0,,,,
95,2022-08-28 13:03:57.402,0 days 01:02:57.322000,77,4.105555555555668,0 days 00:00:12.822000,12392.0,134.0,2,93.0,False,1,car,371.891111111111,0.06874033826123516,OnTrack,-1487.5855613470405,4313.7457346614865,4177.223041538288,,,,
96,2022-08-28 13:03:57.642,0 days 01:02:57.562000,20,14.395555555555688,0 days 00:00:13.062000,12052.0,143.0,2,97.0,False,1,car,381.42444444444436,0.07050247921731369,OnTrack,-1437.6491089951217,4287.975060968476,4174.618973530565,,,,
97,2022-08-28 13:03:57.673,0 days 01:02:57.593000,20,13.818609920000126,0 days 00:00:13.093000,11993.985594514286,144.5500032,2,97.33214354285714,False,1,pos,382.71836204662986,0.07074164689569852,OnTrack,-1428.0,4283.0,4174.0,,,,
98,2022-08-28 13:03:57.922,0 days 01:02:57.842000,20,9.184444444444523,0 days 00:00:13.342000,11528.0,157.0,3,100.0,False,1,car,393.6355555555555,0.07275958051187117,OnTrack,-1304.2426803519647,4219.6142102625545,4164.658768214133,,,,
99,2022-08-28 13:03:58.013,0 days 01:02:57.933000,20,7.440276551111198,0 days 00:00:13.433000,11855.14523008,161.09500288,3,100.0,False,1,pos,397.77671246034464,0.07352503179027778,OnTrack,-1258.0,4196.0,4161.0,,,,
100,2022-08-28 13:03:58.122,0 days 01:02:58.042000,20,5.351111111111209,0 days 00:00:13.542000,12247.0,166.0,3,100.0,False,1,car,402.8577777777777,0.07446421570248327,OnTrack,-1210.1421979717863,4171.601968852823,4157.160962757782,,,,
101,2022-08-28 13:03:58.442,0 days 01:02:58.362000,31,6.138333333333321,0 days 00:00:13.862000,11286.0,178.0,4,100.0,False,1,car,418.67999999999995,0.07738879463191897,OnTrack,-1107.9290548449574,4119.5059574598035,4149.192044842681,,,,
102,2022-08-28 13:03:58.453,0 days 01:02:58.373000,31,6.068557133714274,0 days 00:00:13.873000,11313.539445942857,178.43214537142856,4,100.0,False,1,pos,419.2427962544627,0.0774928218693228,OnTrack,-1105.0,4118.0,4149.0,,,,
103,2022-08-28 13:03:58.673,0 days 01:02:58.593000,31,4.673041260698405,0 days 00:00:14.093000,11864.32516022857,187.0750025142857,4,100.0,False,1,pos,430.74415515525277,0.07961873259341098,OnTrack,-1041.0,4085.0,4145.0,,,,
104,2022-08-28 13:03:58.722,0 days 01:02:58.642000,16,4.362222222222215,0 days 00:00:14.142000,11987.0,189.0,4,100.0,False,1,car,433.37999999999994,0.0801059420502079,OnTrack,-1017.8460381492589,4073.145489649937,4143.287038010627,,,,
105,2022-08-28 13:03:59.002,0 days 01:02:58.922000,1,1.9294444444444707,0 days 00:00:14.422000,10976.0,200.0,4,100.0,False,1,car,448.93555555555554,0.08298123032352953,OnTrack,-843.5778488486085,3983.8983813675027,4129.431358238251,,,,
106,2022-08-28 13:03:59.013,0 days 01:02:58.933000,1,2.021595443555583,0 days 00:00:14.433000,10997.2667904,200.3208352,4,100.0,False,1,pos,449.55828250745867,0.08309633514867663,OnTrack,-838.0,3981.0,4129.0,,,,
107,2022-08-28 13:03:59.242,0 days 01:02:59.162000,24,3.9400000000000546,0 days 00:00:14.662000,11440.0,207.0,5,100.0,False,1,car,462.73555555555555,0.08553202177743342,OnTrack,-752.6860537963785,3935.5182983703385,4122.850938189259,,,,
108,2022-08-28 13:03:59.313,0 days 01:02:59.233000,24,3.4003091200000295,0 days 00:00:14.733000,11531.8563328,209.218752,5,100.0,False,1,pos,466.95037480760294,0.08631108880119229,OnTrack,-726.0,3921.0,4121.0,,,,
109,2022-08-28 13:03:59.652,0 days 01:02:59.572000,24,0.8234770362962074,0 days 00:00:15.072000,11970.4376656,219.812504,5,100.0,False,1,pos,487.9021711914185,0.09018381801566844,OnTrack,-548.0,3822.0,4108.0,,,,
110,2022-08-28 13:03:59.722,0 days 01:02:59.642000,14,0.29138888888877545,0 days 00:00:15.142000,12061.0,222.0,5,100.0,False,1,car,492.33555555555546,0.09100328460609683,OnTrack,-499.364044165133,3793.4876556444237,4104.141597021764,,,,
111,2022-08-28 13:03:59.872,0 days 01:02:59.792000,14,0.37472229333322227,0 days 00:00:15.292000,11688.62468224,226.12500352,5,100.0,False,1,pos,501.93341269267756,0.09277735213951434,OnTrack,-398.0,3733.0,4096.0,,,,
112,2022-08-28 13:04:00.122,0 days 01:03:00.042000,14,0.513611111111004,0 days 00:00:15.542000,11068.0,233.0,6,100.0,False,1,car,518.2244444444443,0.09578858580383924,OnTrack,-294.4834852013081,3668.6227013329576,4088.405463482683,,,,
113,2022-08-28 13:04:00.132,0 days 01:03:00.052000,14,0.5219445498961052,0 days 00:00:15.552000,11076.906718628634,233.20501398377928,6,100.0,False,1,pos,518.8836998901885,0.09591044255434243,OnTrack,-289.0,3665.0,4088.0,,,,
114,2022-08-28 13:04:00.472,0 days 01:03:00.392000,14,0.8052778419234086,0 days 00:00:15.892000,11379.731275847833,240.17540021133118,6,100.0,False,1,pos,541.6527295121663,0.10011906908864862,OnTrack,-37.0,3493.0,4069.0,,,,
115,2022-08-28 13:04:00.561,0 days 01:03:00.481000,14,0.8794444444442888,0 days 00:00:15.981000,11459.0,242.0,6,100.0,False,1,car,547.7349999999999,0.10124331572493106,OnTrack,6.70263240309769,3461.977909344913,4065.8652023585337,,,,
116,2022-08-28 13:04:00.832,0 days 01:03:00.752000,14,0.954722250924551,0 days 00:00:16.252000,11401.850318345625,248.14512705961027,6,100.0,False,1,pos,566.5765850135731,0.1047259935532373,OnTrack,94.0,3395.0,4060.0,,,,
117,2022-08-28 13:04:01.002,0 days 01:03:00.922000,14,1.001944444444348,0 days 00:00:16.422000,11366.0,252.0,6,100.0,False,1,car,578.6049999999999,0.10694932530333781,OnTrack,183.027200814405,3325.5959020785795,4053.3626877069614,,,,
118,2022-08-28 13:04:01.132,0 days 01:03:01.052000,14,1.0380555911110063,0 days 00:00:16.552000,11192.77482944,254.27500224,6,100.0,False,1,pos,587.8977495987051,0.1086669967714281,OnTrack,259.0,3266.0,4048.0,,,,
119,2022-08-28 13:04:01.272,0 days 01:03:01.192000,14,1.0769444799998864,0 days 00:00:16.692000,11006.22482944,256.72500224,6,100.0,False,1,pos,597.9875020263156,0.11053198621087414,OnTrack,337.0,3204.0,4043.0,,,,
120,2022-08-28 13:04:01.402,0 days 01:03:01.322000,14,1.1130555555554338,0 days 00:00:16.822000,10833.0,259.0,7,100.0,False,1,car,607.3827777777776,0.1122686086089828,OnTrack,404.8280143129249,3148.093514938754,4038.079140822528,,,,
121,2022-08-28 13:04:01.452,0 days 01:03:01.372000,14,1.1408334044443094,0 days 00:00:16.872000,10875.187608,259.6250016,7,100.0,False,1,pos,611.0008361793907,0.11293737038076251,OnTrack,436.0,3121.0,4036.0,,,,
122,2022-08-28 13:04:01.562,0 days 01:03:01.482000,14,1.2019444444442797,0 days 00:00:16.982000,10968.0,261.0,7,100.0,False,1,car,618.9827777777776,0.11441275214994549,OnTrack,521.6374180792476,3043.6932279408584,4030.9817756939187,,,,
123,2022-08-28 13:04:01.753,0 days 01:03:01.673000,14,1.0937110748445953,0 days 00:00:17.173000,11022.43501824,263.86500096,7,100.0,False,1,pos,632.9854812145413,0.11700101129907936,OnTrack,684.0,2892.0,4022.0,,,,
124,2022-08-28 13:04:01.762,0 days 01:03:01.682000,5,1.0886111111112768,0 days 00:00:17.182000,11025.0,264.0,7,100.0,False,1,car,633.6494444444443,0.11712373823622016,OnTrack,690.1962698325148,2886.1116174379913,4021.621290678701,,,,
125,2022-08-28 13:04:01.962,0 days 01:03:01.882000,5,0.5330555555556202,0 days 00:00:17.382000,11006.0,267.0,7,100.0,False,1,car,648.4827777777779,0.11986553098256618,OnTrack,790.7876793809717,2787.702625528392,4014.332857191318,,,,
126,2022-08-28 13:04:02.213,0 days 01:03:02.133000,5,1.2779214862221246,0 days 00:00:17.633000,11214.1208864,268.5687504,7,100.0,False,1,pos,667.2112984329265,0.12332730999933544,OnTrack,873.0,2702.0,4007.0,,,,
127,2022-08-28 13:04:02.442,0 days 01:03:02.362000,14,1.9574999999997544,0 days 00:00:17.862000,11404.0,270.0,7,100.0,False,1,car,684.4827777777776,0.1265197695579676,OnTrack,967.4557969880974,2605.2059504453996,4000.61374518919,,,,
128,2022-08-28 13:04:02.553,0 days 01:03:02.473000,14,2.0191667022219733,0 days 00:00:17.973000,11421.575010133334,272.31250133333333,7,100.0,False,1,pos,692.9467912242126,0.12808425746846716,OnTrack,1021.0,2550.0,3997.0,,,,
129,2022-08-28 13:04:02.682,0 days 01:03:02.602000,14,2.09083333333308,0 days 00:00:18.102000,11442.0,275.0,7,100.0,False,1,car,702.8161111111111,0.12990850216581096,OnTrack,1089.4300802379364,2478.8071585887096,3992.08066692333,,,,
130,2022-08-28 13:04:02.733,0 days 01:03:02.653000,14,2.1475000711108305,0 days 00:00:18.153000,11442.0,275.0,7,100.0,False,1,pos,706.713128505889,0.13062882670684822,OnTrack,1116.0,2451.0,3990.0,,,,
131,2022-08-28 13:04:02.842,0 days 01:03:02.762000,14,2.268611111110772,0 days 00:00:18.262000,11442.0,275.0,7,100.0,False,1,car,715.0383333333334,0.13216765723770654,OnTrack,1169.7339586938558,2394.447296516024,3985.3695381567154,,,,
132,2022-08-28 13:04:02.913,0 days 01:03:02.833000,14,2.3672223111107495,0 days 00:00:18.333000,11442.0,275.0,7,100.0,False,1,pos,720.4651012074298,0.13317074079680546,OnTrack,1211.0,2351.0,3982.0,,,,
133,2022-08-28 13:04:03.002,0 days 01:03:02.922000,14,2.4908333333329438,0 days 00:00:18.422000,11442.0,275.0,7,100.0,False,1,car,727.2605555555557,0.1344268123096021,OnTrack,1276.6127186649342,2282.091907484785,3977.2047641203535,,,,
134,2022-08-28 13:04:03.173,0 days 01:03:03.093000,14,2.965833511110702,0 days 00:00:18.593000,11472.702284218181,275.0,7,100.0,False,1,pos,740.2491964559209,0.13682763217963675,OnTrack,1412.0,2140.0,3968.0,,,,
135,2022-08-28 13:04:03.442,0 days 01:03:03.362000,14,3.7130555555551155,0 days 00:00:18.862000,11521.0,275.0,7,100.0,False,1,car,760.8716666666667,0.14063948875731486,OnTrack,1513.300645141014,2032.64025192154,3960.625075129451,,,,
136,2022-08-28 13:04:03.593,0 days 01:03:03.513000,14,3.629166631110676,0 days 00:00:19.013000,11379.647162311112,278.7750016,7,100.0,False,1,pos,772.8269697463738,0.1428493065054705,OnTrack,1570.0,1972.0,3956.0,,,,
137,2022-08-28 13:04:03.753,0 days 01:03:03.673000,14,3.540277742221792,0 days 00:00:19.173000,11229.869384533333,282.7750016,7,100.0,False,1,pos,785.8004049452693,0.1452473157542472,OnTrack,1657.0,1879.0,3949.0,,,,
138,2022-08-28 13:04:03.993,0 days 01:03:03.913000,14,3.4069444088884664,0 days 00:00:19.413000,11005.202717866667,288.7750016,7,100.0,False,1,pos,805.590777227792,0.14890536738380056,OnTrack,1788.0,1737.0,3940.0,,,,
139,2022-08-28 13:04:04.162,0 days 01:03:04.082000,14,3.313055555555138,0 days 00:00:19.582000,10847.0,293.0,8,100.0,False,1,car,819.4716666666668,0.15147111043838504,OnTrack,1929.1870652621958,1583.8801930278619,3930.0100271345977,,,,
140,2022-08-28 13:04:04.233,0 days 01:03:04.153000,14,3.2736110755551473,0 days 00:00:19.653000,10874.69002496,293.71000064,8,100.0,False,1,pos,825.2868119356883,0.152545981659793,OnTrack,1987.0,1521.0,3926.0,,,,
141,2022-08-28 13:04:04.362,0 days 01:03:04.282000,14,3.2019444444440524,0 days 00:00:19.782000,10925.0,295.0,8,100.0,False,1,car,835.8605555555556,0.15450043201206315,OnTrack,2075.148698425351,1424.571175601932,3920.2145485967408,,,,
142,2022-08-28 13:04:04.613,0 days 01:03:04.533000,14,2.992777724444039,0 days 00:00:20.033000,10925.0,297.6892864,8,100.0,False,1,pos,856.6303168622164,0.15833951387008158,OnTrack,2197.0,1289.0,3913.0,,,,
143,2022-08-28 13:04:04.642,0 days 01:03:04.562000,14,2.968611111110704,0 days 00:00:20.062000,10925.0,298.0,8,100.0,False,1,car,859.0383333333335,0.1587846115393124,OnTrack,2208.4853075969177,1276.0008089225507,3912.318213282917,,,,
144,2022-08-28 13:04:04.973,0 days 01:03:04.893000,14,2.7847221866661984,0 days 00:00:20.393000,11070.940937309091,299.50454574545455,8,100.0,False,1,pos,886.5906294163053,0.16387737685698447,OnTrack,2328.0,1139.0,3905.0,,,,
145,2022-08-28 13:04:05.082,0 days 01:03:05.002000,14,2.7241666666661786,0 days 00:00:20.502000,11119.0,300.0,8,100.0,False,1,car,895.705,0.16556207675499904,OnTrack,2383.2072578289153,1077.0441438785379,3901.507071356819,,,,
146,2022-08-28 13:04:05.242,0 days 01:03:05.162000,14,2.590833333332853,0 days 00:00:20.662000,11113.0,302.0,8,100.0,False,1,car,909.1272222222223,0.168043039779408,OnTrack,2477.3387934221523,972.6170336778446,3895.6846770265483,,,,
147,2022-08-28 13:04:05.293,0 days 01:03:05.213000,14,2.5483332799995217,0 days 00:00:20.713000,11126.0687664,302.3187504,8,100.0,False,1,pos,913.4151310321738,0.16883561667415756,OnTrack,2507.0,940.0,3894.0,,,,
148,2022-08-28 13:04:05.402,0 days 01:03:05.322000,14,2.457499999999527,0 days 00:00:20.822000,11154.0,303.0,8,100.0,False,1,car,922.593888888889,0.17053221791316928,OnTrack,2569.1971545793986,872.1389541383867,3890.749092006401,,,,
149,2022-08-28 13:04:05.473,0 days 01:03:05.393000,14,2.3983332799995405,0 days 00:00:20.893000,11163.23000832,303.35500032,8,100.0,False,1,pos,928.5826955597229,0.17163918870121608,OnTrack,2610.0,829.0,3889.0,,,,
150,2022-08-28 13:04:05.602,0 days 01:03:05.522000,14,2.2908333333328983,0 days 00:00:21.022000,11180.0,304.0,8,100.0,False,1,car,939.4827777777778,0.1736539594670613,OnTrack,2686.284706213775,752.4167438584112,3886.7325466705342,,,,
151,2022-08-28 13:04:05.673,0 days 01:03:05.593000,14,2.2316666133329015,0 days 00:00:21.093000,11178.0031232,304.2218752,8,100.0,False,1,pos,945.4916867308239,0.1747646459601567,OnTrack,2728.0,712.0,3886.0,,,,
152,2022-08-28 13:04:05.833,0 days 01:03:05.753000,14,2.0983332799995758,0 days 00:00:21.253000,11173.5031232,304.7218752,8,100.0,False,1,pos,959.0528894265245,0.17727129812978365,OnTrack,2828.0,624.0,3886.0,,,,
153,2022-08-28 13:04:05.922,0 days 01:03:05.842000,14,2.024166666666247,0 days 00:00:21.342000,11171.0,305.0,8,100.0,False,1,car,966.5938888888888,0.17866517617199326,OnTrack,2908.5091837611753,570.5997204395834,3887.6456671260776,,,,
154,2022-08-28 13:04:06.133,0 days 01:03:06.053000,14,1.9655555377773541,0 days 00:00:21.553000,11198.128579657143,305.0,8,100.0,False,1,pos,984.4602741581119,0.1819675981181446,OnTrack,3145.0,439.0,3898.0,,,,
155,2022-08-28 13:04:06.202,0 days 01:03:06.122000,14,1.946388888888464,0 days 00:00:21.622000,11207.0,305.0,8,100.0,False,1,car,990.3161111111111,0.18304999078880874,OnTrack,3216.223776859736,400.4567851850451,3904.004890375476,,,,
156,2022-08-28 13:04:06.402,0 days 01:03:06.322000,14,1.7797222222218352,0 days 00:00:21.822000,11266.0,306.0,8,100.0,False,1,car,1007.316111111111,0.18619227011608164,OnTrack,3394.8495016552197,303.0418140577373,3926.135957439985,,,,
157,2022-08-28 13:04:06.452,0 days 01:03:06.372000,14,1.7241665244440487,0 days 00:00:21.872000,11258.6562312,305.5312488,8,98.7499968,False,1,pos,1011.5439552500962,0.18697374465942665,OnTrack,3430.0,282.0,3931.0,,,,
158,2022-08-28 13:04:06.722,0 days 01:03:06.642000,14,1.424166666666224,0 days 00:00:22.142000,11219.0,303.0,8,92.0,False,1,car,1034.2494444444444,0.19117062638360421,OnTrack,3550.343814750079,189.77814334403698,3949.7346758602125,,,,
159,2022-08-28 13:04:06.882,0 days 01:03:06.802000,14,1.2019444444440524,0 days 00:00:22.302000,11276.0,303.0,8,87.0,False,1,car,1047.716111111111,0.1936598045173655,OnTrack,3608.2461708978462,118.99145444726764,3962.8120141788195,,,,
160,2022-08-28 13:04:06.912,0 days 01:03:06.832000,14,1.1852777066662612,0 days 00:00:22.332000,11245.2498688,302.2499968,8,87.0,False,1,pos,1050.2208935634076,0.19412278840672825,OnTrack,3621.0,102.0,3966.0,,,,
161,2022-08-28 13:04:07.042,0 days 01:03:06.962000,14,1.1130555555550927,0 days 00:00:22.462000,11112.0,299.0,8,87.0,False,1,car,1061.005,0.19611612221371744,OnTrack,3682.896990874928,15.14681333922722,3982.4181982768737,,,,
162,2022-08-28 13:04:07.132,0 days 01:03:07.052000,14,1.0380554488884213,0 days 00:00:22.552000,11076.642806857142,298.6785709714286,8,91.17857737142857,False,1,pos,1068.45989194255,0.197494084145372,OnTrack,3724.0,-48.0,3994.0,,,,
163,2022-08-28 13:04:07.322,0 days 01:03:07.242000,14,0.8797222222217442,0 days 00:00:22.742000,11002.0,298.0,8,100.0,False,1,car,1084.182777777778,0.20040030174096665,OnTrack,3791.846362506465,-175.1062460763153,4015.1588322927078,,,,
164,2022-08-28 13:04:07.412,0 days 01:03:07.332000,14,0.8047221155550819,0 days 00:00:22.832000,11004.2500032,297.7187496,8,100.0,False,1,pos,1091.617982123149,0.20177462461793771,OnTrack,3828.0,-263.0,4028.0,,,,
165,2022-08-28 13:04:07.572,0 days 01:03:07.492000,14,0.6713887822217561,0 days 00:00:22.992000,11008.2500032,297.2187496,8,100.0,False,1,pos,1104.8160678424974,0.20421415826002506,OnTrack,3902.0,-466.0,4056.0,,,,
166,2022-08-28 13:04:07.642,0 days 01:03:07.562000,14,0.6130555555550927,0 days 00:00:23.062000,11010.0,297.0,8,100.0,False,1,car,1110.5827777777781,0.20528007669626108,OnTrack,3922.1487752505413,-526.9857704604426,4064.162008412454,,,,
167,2022-08-28 13:04:07.892,0 days 01:03:07.812000,14,0.47416659555515983,0 days 00:00:23.312000,11024.8437576,296.2187496,8,100.0,False,1,pos,1131.1436569551677,0.20908054878977092,OnTrack,3944.0,-641.0,4077.0,,,,
168,2022-08-28 13:04:07.962,0 days 01:03:07.882000,14,0.43527777777740084,0 days 00:00:23.382000,11029.0,296.0,8,100.0,False,1,car,1136.8938888888893,0.2101434214328508,OnTrack,3952.0820733525443,-691.9643775311725,4082.106595441219,,,,
169,2022-08-28 13:04:08.112,0 days 01:03:08.032000,14,0.4769444799996562,0 days 00:00:23.532000,10990.5624672,296.0,8,100.0,False,1,pos,1149.2240231802846,0.212422522967342,OnTrack,3973.0,-823.0,4095.0,,,,
170,2022-08-28 13:04:08.122,0 days 01:03:08.042000,14,0.47972222222188066,0 days 00:00:23.542000,10988.0,296.0,8,100.0,False,1,car,1150.0494444444448,0.21257509380114564,OnTrack,3974.31304137553,-831.3984245323117,4095.815981340688,,,,
171,2022-08-28 13:04:08.322,0 days 01:03:08.242000,14,0.3686111111107948,0 days 00:00:23.742000,11041.0,299.0,8,100.0,False,1,car,1166.660555555556,0.21564549092158553,OnTrack,3999.0541110577374,-988.0817068317174,4110.616816279499,,,,
172,2022-08-28 13:04:08.433,0 days 01:03:08.353000,14,0.27611105777754563,0 days 00:00:23.853000,11063.8937632,299.6937504,8,100.0,False,1,pos,1175.9132276892299,0.21735575447262542,OnTrack,4023.0,-1081.0,4118.0,,,,
173,2022-08-28 13:04:08.482,0 days 01:03:08.402000,14,0.23527777777758274,0 days 00:00:23.902000,11074.0,300.0,8,100.0,False,1,car,1179.9938888888892,0.21811002372728974,OnTrack,4037.5321940372087,-1125.5531725249011,4121.130194885884,,,,
174,2022-08-28 13:04:08.613,0 days 01:03:08.533000,14,0.23527777777758274,0 days 00:00:24.033000,11104.930570666667,299.6361109333333,8,100.0,False,1,pos,1190.876857230509,0.22012163116489192,OnTrack,4083.0,-1243.0,4129.0,,,,
175,2022-08-28 13:04:08.773,0 days 01:03:08.693000,14,0.23527777777758274,0 days 00:00:24.193000,11142.708348444445,299.19166648888887,8,100.0,False,1,pos,1204.149078494118,0.22257486801804668,OnTrack,4136.0,-1350.0,4137.0,,,,
176,2022-08-28 13:04:08.842,0 days 01:03:08.762000,14,0.23527777777758274,0 days 00:00:24.262000,11159.0,299.0,8,100.0,False,1,car,1209.893888888889,0.2236367385440815,OnTrack,4162.726911337324,-1399.9217914425458,4139.489166851645,,,,
177,2022-08-28 13:04:08.953,0 days 01:03:08.873000,14,0.17361107555537453,0 days 00:00:24.373000,11122.9249792,300.11000064,8,100.0,False,1,pos,1219.16564910751,0.22535053033598768,OnTrack,4210.0,-1485.0,4143.0,,,,
178,2022-08-28 13:04:09.042,0 days 01:03:08.962000,14,0.1241666666664969,0 days 00:00:24.462000,11094.0,301.0,8,100.0,False,1,car,1226.6161111111112,0.22672767343790223,OnTrack,4248.832199925894,-1550.4770536586498,4146.450496773803,,,,
179,2022-08-28 13:04:09.173,0 days 01:03:09.093000,14,0.08777775999980127,0 days 00:00:24.593000,11099.7312528,301.4093752,8,100.0,False,1,pos,1237.5949914740124,0.2287570092497227,OnTrack,4307.0,-1644.0,4152.0,,,,
180,2022-08-28 13:04:09.353,0 days 01:03:09.273000,14,0.037777759999761476,0 days 00:00:24.773000,11107.6062528,301.9718752,8,100.0,False,1,pos,1252.7043773244322,0.23154982753240286,OnTrack,4388.0,-1772.0,4159.0,,,,
181,2022-08-28 13:04:09.362,0 days 01:03:09.282000,14,0.03527777777753727,0 days 00:00:24.782000,11108.0,302.0,8,100.0,False,1,car,1253.4605555555556,0.2316895994867201,OnTrack,4392.080437996186,-1778.3674267552824,4159.341652949689,,,,
182,2022-08-28 13:04:09.673,0 days 01:03:09.593000,14,55.95157747911114,0 days 00:00:25.093000,11151.734384,302.9718752,8,100.0,False,1,pos,1279.635006434361,0.23652768395137835,OnTrack,4537.0,-1995.0,4171.0,,,,
183,2022-08-28 13:04:09.682,0 days 01:03:09.602000,55,57.56972222222225,0 days 00:00:25.102000,11153.0,303.0,8,100.0,False,1,car,1280.393888888889,0.23666795575424268,OnTrack,4541.432654848661,-2001.1105930474182,4171.337652809543,,,,
184,2022-08-28 13:04:09.833,0 days 01:03:09.753000,55,57.52777776000007,0 days 00:00:25.253000,11198.3000192,303.62916693333335,8,100.0,False,1,pos,1293.138859599746,0.23902373563609125,OnTrack,4618.0,-2103.0,4177.0,,,,
185,2022-08-28 13:04:09.922,0 days 01:03:09.842000,55,57.50305555555565,0 days 00:00:25.342000,11225.0,304.0,8,100.0,False,1,car,1300.6605555555554,0.2404140456189131,OnTrack,4664.520367370798,-2164.3254018935304,4180.291008024155,,,,
186,2022-08-28 13:04:10.053,0 days 01:03:09.973000,55,57.5030555555558,0 days 00:00:25.473000,11248.58001152,304.65500032,8,100.0,False,1,pos,1311.7454846261382,0.2424629834696648,OnTrack,4731.0,-2252.0,4185.0,,,,
187,2022-08-28 13:04:10.122,0 days 01:03:10.042000,55,57.503055555555875,0 days 00:00:25.542000,11261.0,305.0,8,100.0,False,1,car,1317.605,0.24354605605949559,OnTrack,4762.685152159207,-2293.8016991446807,4187.377951570991,,,,
188,2022-08-28 13:04:10.233,0 days 01:03:10.153000,55,57.410555502222536,0 days 00:00:25.653000,11282.803584,306.1892864,8,100.0,False,1,pos,1327.0750098943192,0.24529649231361259,OnTrack,4823.0,-2374.0,4192.0,,,,
189,2022-08-28 13:04:10.402,0 days 01:03:10.322000,55,57.269722222222526,0 days 00:00:25.822000,11316.0,308.0,8,100.0,False,1,car,1341.5605555555553,0.24797400000041084,OnTrack,4971.764789459001,-2574.2630862635137,4203.163445786085,,,,
190,2022-08-28 13:04:10.433,0 days 01:03:10.353000,55,57.24388883555586,0 days 00:00:25.853000,11320.428580571428,308.1107145142857,8,100.0,False,1,pos,1344.220005696461,0.24846557265921554,OnTrack,4996.0,-2607.0,4205.0,,,,
191,2022-08-28 13:04:10.682,0 days 01:03:10.602000,55,57.03638888888918,0 days 00:00:26.102000,11356.0,309.0,8,100.0,False,1,car,1365.5938888888888,0.2524163203826928,OnTrack,5098.228356829919,-2746.289336445534,4213.223876305697,,,,
192,2022-08-28 13:04:10.842,0 days 01:03:10.762000,55,56.94750000000022,0 days 00:00:26.262000,11356.0,309.0,8,100.0,False,1,car,1379.3272222222222,0.25495478917256814,OnTrack,5137.790958451551,-2801.407947717724,4216.527618660501,,,,
193,2022-08-28 13:04:10.893,0 days 01:03:10.813000,55,56.91916663111131,0 days 00:00:26.313000,11384.687536,309.3187504,8,100.0,False,1,pos,1383.7139004479789,0.2557656226022265,OnTrack,5157.0,-2828.0,4218.0,,,,
194,2022-08-28 13:04:11.002,0 days 01:03:10.922000,55,56.85861111111126,0 days 00:00:26.422000,11446.0,310.0,8,100.0,False,1,car,1393.105,0.2575014730717959,OnTrack,5208.748405547085,-2899.4570944607676,4221.826412426726,,,,
195,2022-08-28 13:04:11.133,0 days 01:03:11.053000,55,56.74944439111127,0 days 00:00:26.553000,11463.1937584,310.4093752,8,100.0,False,1,pos,1404.4094612012377,0.2595909892328905,OnTrack,5278.0,-2996.0,4227.0,,,,
196,2022-08-28 13:04:11.322,0 days 01:03:11.242000,55,56.59194444444461,0 days 00:00:26.742000,11488.0,311.0,8,100.0,False,1,car,1420.7494444444444,0.262611271088956,OnTrack,5369.921963468356,-3129.0209240777585,4234.495996357319,,,,
197,2022-08-28 13:04:11.333,0 days 01:03:11.253000,55,56.57972215111126,0 days 00:00:26.753000,11489.2375072,311.0687504,8,100.0,False,1,pos,1421.7014281271177,0.26278723571518925,OnTrack,5376.0,-3138.0,4235.0,,,,
198,2022-08-28 13:04:11.482,0 days 01:03:11.402000,55,56.41416666666669,0 days 00:00:26.902000,11506.0,312.0,8,100.0,False,1,car,1434.6161111111112,0.26517438520688846,OnTrack,5469.223646507754,-3277.2406159452967,4242.711903412317,,,,
199,2022-08-28 13:04:11.553,0 days 01:03:11.473000,55,56.29583322666673,0 days 00:00:26.973000,11522.5666816,312.5916672,8,100.0,False,1,pos,1440.7962069154887,0.2663167138708097,OnTrack,5510.0,-3339.0,4246.0,,,,
200,2022-08-28 13:04:11.722,0 days 01:03:11.642000,55,56.014166666666824,0 days 00:00:27.142000,11562.0,314.0,8,100.0,False,1,car,1455.5494444444444,0.26904370171184405,OnTrack,5579.433565238931,-3446.926975187888,4251.196041365144,,,,
201,2022-08-28 13:04:11.873,0 days 01:03:11.793000,55,55.804444355555674,0 days 00:00:27.293000,11586.91501056,314.0,8,100.0,False,1,pos,1468.7179208946304,0.2714777623777911,OnTrack,5630.0,-3531.0,4255.0,,,,
202,2022-08-28 13:04:11.922,0 days 01:03:11.842000,55,55.736388888888996,0 days 00:00:27.342000,11595.0,314.0,8,100.0,False,1,car,1472.9938888888887,0.27226813213264045,OnTrack,5648.005602278171,-3562.033053510353,4256.484315370729,,,,
203,2022-08-28 13:04:12.213,0 days 01:03:12.133000,55,55.17055543111118,0 days 00:00:27.633000,11593.787499733333,314.60625013333333,8,100.0,False,1,pos,1498.4488855152258,0.2769732327017429,OnTrack,5763.0,-3769.0,4267.0,,,,
204,2022-08-28 13:04:12.402,0 days 01:03:12.322000,55,54.8030555555556,0 days 00:00:27.822000,11593.0,315.0,8,100.0,False,1,car,1514.9938888888887,0.2800314104706088,OnTrack,5829.827646954263,-3895.425730683216,4273.831979453631,,,,
205,2022-08-28 13:04:12.562,0 days 01:03:12.482000,55,54.53638888888895,0 days 00:00:27.982000,11632.0,315.0,8,100.0,False,1,car,1528.9938888888887,0.28261916991659825,OnTrack,5879.932015286049,-3994.4521493709644,4279.4504440205765,,,,
206,2022-08-28 13:04:13.002,0 days 01:03:12.922000,55,53.558611111111304,0 days 00:00:28.422000,11631.0,316.0,8,100.0,False,1,car,1567.616111111111,0.28975809994378826,OnTrack,6034.86461159668,-4376.289282247605,4299.77229016461,,,,
207,2022-08-28 13:04:13.052,0 days 01:03:12.972000,55,53.47527756444464,0 days 00:00:28.472000,11636.9375152,316.0,8,100.0,False,1,pos,1572.0058837720428,0.29056950534872195,OnTrack,6058.0,-4442.0,4303.0,,,,
208,2022-08-28 13:04:13.162,0 days 01:03:13.082000,55,53.29194444444465,0 days 00:00:28.582000,11650.0,316.0,8,100.0,False,1,car,1581.6605555555554,0.29235407449913003,OnTrack,6112.61832017167,-4601.785253644696,4310.71767209786,,,,
209,2022-08-28 13:04:13.232,0 days 01:03:13.152000,55,53.175277564444656,0 days 00:00:28.652000,11650.8750016,316.0,8,100.0,False,1,pos,1587.8022565020074,0.29348930625903163,OnTrack,6143.0,-4692.0,4315.0,,,,
210,2022-08-28 13:04:13.322,0 days 01:03:13.242000,55,53.025277777778,0 days 00:00:28.742000,11652.0,316.0,8,100.0,False,1,car,1595.705,0.29495004905447186,OnTrack,6171.269167288518,-4776.481701836711,4318.906215119499,,,,
211,2022-08-28 13:04:13.482,0 days 01:03:13.402000,55,52.66972222222239,0 days 00:00:28.902000,11686.0,317.0,8,100.0,False,1,car,1609.793888888889,0.29755423871916603,OnTrack,6194.313926014047,-4847.263860410218,4321.808065724056,,,,
212,2022-08-28 13:04:13.632,0 days 01:03:13.552000,55,52.378055306666816,0 days 00:00:29.052000,11688.678573714285,317.0,8,100.0,False,1,pos,1623.0053472358065,0.29999624415720405,OnTrack,6220.0,-4926.0,4325.0,,,,
213,2022-08-28 13:04:13.762,0 days 01:03:13.682000,55,52.12527777777791,0 days 00:00:29.182000,11691.0,317.0,8,100.0,False,1,car,1634.4494444444442,0.30211157063238075,OnTrack,6255.098180858849,-5032.1706312988745,4329.536328339167,,,,
214,2022-08-28 13:04:13.852,0 days 01:03:13.772000,55,51.97527756444461,0 days 00:00:29.272000,11701.35001472,317.0,8,100.0,False,1,pos,1642.3681244139364,0.3035752591245822,OnTrack,6281.0,-5110.0,4333.0,,,,
215,2022-08-28 13:04:13.962,0 days 01:03:13.882000,55,51.79194444444465,0 days 00:00:29.382000,11714.0,317.0,8,100.0,False,1,car,1652.0605555555555,0.3053668077132485,OnTrack,6310.02546316955,-5196.556995166162,4337.068634088805,,,,
216,2022-08-28 13:04:14.052,0 days 01:03:13.972000,55,51.56694412444469,0 days 00:00:29.472000,11725.250016,317.75000106666664,8,100.0,False,1,pos,1660.0204743528016,0.30683811878874007,OnTrack,6337.0,-5277.0,4341.0,,,,
217,2022-08-28 13:04:14.202,0 days 01:03:14.122000,55,51.191944444444744,0 days 00:00:29.622000,11744.0,319.0,8,100.0,False,1,car,1673.327222222222,0.3092977375383467,OnTrack,6397.071323907304,-5457.1205491150495,4349.936288787447,,,,
218,2022-08-28 13:04:14.312,0 days 01:03:14.232000,55,50.91694412444472,0 days 00:00:29.732000,11759.583351466666,319.3055559111111,8,100.0,False,1,pos,1683.095137729919,0.31110323865425177,OnTrack,6438.0,-5580.0,4356.0,,,,
219,2022-08-28 13:04:14.562,0 days 01:03:14.482000,55,50.29194444444465,0 days 00:00:29.982000,11795.0,320.0,8,100.0,False,1,car,1705.327222222222,0.3152126162720369,OnTrack,6488.187085602993,-5730.389005222761,4363.002521418333,,,,
220,2022-08-28 13:04:14.672,0 days 01:03:14.592000,55,49.9558329422225,0 days 00:00:30.092000,11801.6785792,320.3928576,8,100.0,False,1,pos,1715.127062250218,0.3170240183150106,OnTrack,6511.0,-5799.0,4366.0,,,,
221,2022-08-28 13:04:14.842,0 days 01:03:14.762000,55,49.43638888888927,0 days 00:00:30.262000,11812.0,321.0,8,100.0,False,1,car,1730.2938888888887,0.3198274539507181,OnTrack,6560.884278503781,-5949.448729526113,4372.641234182524,,,,
222,2022-08-28 13:04:14.913,0 days 01:03:14.833000,55,49.219444248889246,0 days 00:00:30.333000,11819.1000064,321.2218752,8,100.0,False,1,pos,1736.6360495914662,0.3209997386840094,OnTrack,6584.0,-6019.0,4376.0,,,,
223,2022-08-28 13:04:15.133,0 days 01:03:15.053000,55,48.54722202666696,0 days 00:00:30.553000,11841.1000064,321.9093752,8,100.0,False,1,pos,1756.3179939140464,0.3246377484937376,OnTrack,6654.0,-6229.0,4387.0,,,,
224,2022-08-28 13:04:15.162,0 days 01:03:15.082000,55,48.458611111111395,0 days 00:00:30.582000,11844.0,322.0,8,100.0,False,1,car,1758.916111111111,0.3251179843736299,OnTrack,6661.804578140034,-6252.539228116671,4388.062333061406,,,,
225,2022-08-28 13:04:15.313,0 days 01:03:15.233000,55,47.95527756444471,0 days 00:00:30.733000,11856.163894044445,322.4194446222222,8,100.0,False,1,pos,1772.4584023236794,0.327621140945463,OnTrack,6699.0,-6365.0,4393.0,,,,
226,2022-08-28 13:04:15.373,0 days 01:03:15.293000,55,47.755277564444704,0 days 00:00:30.793000,11860.997227377778,322.5861112888889,8,100.0,False,1,pos,1777.845271577843,0.3286168496452324,OnTrack,6716.0,-6416.0,4396.0,,,,
227,2022-08-28 13:04:15.522,0 days 01:03:15.442000,55,47.25861111111135,0 days 00:00:30.942000,11873.0,323.0,8,100.0,False,1,car,1791.2161111111109,0.3310883150954484,OnTrack,6779.367766816204,-6605.99178114776,4404.8142993501715,,,,
228,2022-08-28 13:04:15.653,0 days 01:03:15.573000,55,46.85833313777803,0 days 00:00:31.073000,11886.75500672,323.0,8,100.0,False,1,pos,1802.962056143506,0.33325943511042366,OnTrack,6835.0,-6773.0,4412.0,,,,
229,2022-08-28 13:04:15.922,0 days 01:03:15.842000,55,46.03638888888918,0 days 00:00:31.342000,11915.0,323.0,8,100.0,False,1,car,1827.1049999999996,0.337722015897469,OnTrack,6884.908615042697,-6923.872861327792,4420.334784840333,,,,
230,2022-08-28 13:04:16.053,0 days 01:03:15.973000,55,45.56333310222251,0 days 00:00:31.473000,11925.15250496,323.49125024,8,100.0,False,1,pos,1838.9133081913624,0.3399046631162801,OnTrack,6909.0,-6995.0,4424.0,,,,
231,2022-08-28 13:04:16.273,0 days 01:03:16.193000,55,44.76888865777806,0 days 00:00:31.693000,11942.20250496,324.31625024,8,100.0,False,1,pos,1858.8235515154015,0.3435848717044036,OnTrack,6973.0,-7182.0,4432.0,,,,
232,2022-08-28 13:04:16.573,0 days 01:03:16.493000,55,43.685555324444714,0 days 00:00:31.993000,11965.45250496,325.44125024,8,100.0,False,1,pos,1886.0485166356214,0.34861713317987375,OnTrack,7059.0,-7439.0,4445.0,,,,
233,2022-08-28 13:04:16.722,0 days 01:03:16.642000,55,43.147500000000264,0 days 00:00:32.142000,11977.0,326.0,8,100.0,False,1,car,1899.5494444444444,0.35111264414179544,OnTrack,7101.819236371423,-7566.553259630407,4451.539981697307,,,,
234,2022-08-28 13:04:16.733,0 days 01:03:16.653000,55,43.110833120000265,0 days 00:00:32.153000,11978.3291744,326.0,8,100.0,False,1,pos,1900.545573470412,0.35129676859153625,OnTrack,7105.0,-7576.0,4452.0,,,,
235,2022-08-28 13:04:16.933,0 days 01:03:16.853000,55,42.44416645333364,0 days 00:00:32.353000,12002.495841066666,326.0,8,100.0,False,1,pos,1918.653201485821,0.35464378183734624,OnTrack,7163.0,-7748.0,4460.0,,,,
236,2022-08-28 13:04:16.962,0 days 01:03:16.882000,55,42.34750000000031,0 days 00:00:32.382000,12006.0,326.0,8,100.0,False,1,car,1921.2827777777773,0.3551298326150933,OnTrack,7171.353622020668,-7772.862673225901,4461.242431502517,,,,
237,2022-08-28 13:04:17.093,0 days 01:03:17.013000,55,41.838055306666945,0 days 00:00:32.513000,12006.0,326.65500032,8,100.0,False,1,pos,1933.179609786363,0.3573288425727767,OnTrack,7209.0,-7885.0,4467.0,,,,
238,2022-08-28 13:04:17.162,0 days 01:03:17.082000,55,41.56972222222248,0 days 00:00:32.582000,12006.0,327.0,8,100.0,False,1,car,1939.4494444444442,0.35848775856286536,OnTrack,7229.018934569739,-7944.227784428514,4469.753679008034,,,,
239,2022-08-28 13:04:17.322,0 days 01:03:17.242000,55,40.9919444444447,0 days 00:00:32.742000,12006.0,327.0,8,100.0,False,1,car,1953.9827777777773,0.3611740993210829,OnTrack,7275.899561480562,-8082.1637704453415,4475.726912714234,,,,
240,2022-08-28 13:04:17.353,0 days 01:03:17.273000,55,40.87999976888915,0 days 00:00:32.773000,12021.03503104,327.0,8,100.0,False,1,pos,1956.7978363849495,0.3616944346426347,OnTrack,7285.0,-8109.0,4477.0,,,,
241,2022-08-28 13:04:17.522,0 days 01:03:17.442000,55,40.269722222222526,0 days 00:00:32.942000,12103.0,327.0,8,100.0,False,1,car,1972.1494444444443,0.36453202526885503,OnTrack,7334.284605554254,-8254.9865481252,4484.618123806653,,,,
242,2022-08-28 13:04:17.553,0 days 01:03:17.473000,55,40.149166417778076,0 days 00:00:32.973000,12109.0062624,327.1937504,8,100.0,False,1,pos,1974.9695998270627,0.3650533026781786,OnTrack,7343.0,-8281.0,4486.0,,,,
243,2022-08-28 13:04:17.682,0 days 01:03:17.602000,55,39.647500000000264,0 days 00:00:33.102000,12134.0,328.0,8,100.0,False,1,car,1986.7272222222218,0.367226581136425,OnTrack,7378.517778443482,-8387.702598590495,4491.552015112856,,,,
244,2022-08-28 13:04:17.733,0 days 01:03:17.653000,55,39.434999733333626,0 days 00:00:33.153000,12131.267853714286,328.36428617142855,8,100.0,False,1,pos,1991.3901378836063,0.36808847428275343,OnTrack,7395.0,-8437.0,4494.0,,,,
245,2022-08-28 13:04:17.962,0 days 01:03:17.882000,55,38.48083333333375,0 days 00:00:33.382000,12119.0,330.0,8,100.0,False,1,car,2012.3938888888886,0.37197080678740563,OnTrack,7491.885264009551,-8723.854793297787,4507.459193981939,,,,
246,2022-08-28 13:04:18.033,0 days 01:03:17.953000,55,38.14555525333378,0 days 00:00:33.453000,12122.5500032,330.0,8,100.0,False,1,pos,2018.902235597029,0.3731738093353888,OnTrack,7518.0,-8801.0,4511.0,,,,
247,2022-08-28 13:04:18.122,0 days 01:03:18.042000,55,37.725277777778274,0 days 00:00:33.542000,12127.0,330.0,8,100.0,False,1,car,2027.0605555555555,0.37468179287368036,OnTrack,7543.72513816983,-8877.046829256995,4514.463196408702,,,,
248,2022-08-28 13:04:18.362,0 days 01:03:18.282000,55,36.59194444444529,0 days 00:00:33.782000,12120.0,330.0,8,100.0,False,1,car,2049.060555555555,0.37874827200309225,OnTrack,7585.7166965421475,-9001.55554332062,4520.039707120401,,,,
249,2022-08-28 13:04:18.433,0 days 01:03:18.353000,55,36.276388604445266,0 days 00:00:33.853000,12095.1499776,329.23928502857143,8,100.0,False,1,pos,2055.5307561420163,0.3799442236234538,OnTrack,7600.0,-9044.0,4522.0,,,,
250,2022-08-28 13:04:18.642,0 days 01:03:18.562000,55,35.347500000000764,0 days 00:00:34.062000,12022.0,327.0,8,100.0,False,1,car,2074.4938888888883,0.3834493683299731,OnTrack,7657.454024048937,-9214.758277359557,4530.156818001533,,,,
251,2022-08-28 13:04:18.673,0 days 01:03:18.593000,55,35.20111080888963,0 days 00:00:34.093000,12022.0,327.0,8,100.0,False,1,pos,2077.3067606124328,0.38396929942804164,OnTrack,7670.0,-9252.0,4532.0,,,,
252,2022-08-28 13:04:18.853,0 days 01:03:18.773000,55,34.35111080888952,0 days 00:00:34.273000,12022.0,327.0,8,100.0,False,1,pos,2093.6493927452916,0.3869900709047656,OnTrack,7757.0,-9510.0,4545.0,,,,
253,2022-08-28 13:04:19.042,0 days 01:03:18.962000,55,33.45861111111162,0 days 00:00:34.462000,12022.0,327.0,8,100.0,False,1,car,2110.827222222222,0.39016522022551725,OnTrack,7807.7739604172075,-9660.051716211929,4552.72420815574,,,,
254,2022-08-28 13:04:19.313,0 days 01:03:19.233000,55,30.598054880000547,0 days 00:00:34.733000,12008.4499968,327.0,8,100.0,False,1,pos,2135.479693335741,0.3947219820105881,OnTrack,7855.0,-9803.0,4560.0,,,,
255,2022-08-28 13:04:19.442,0 days 01:03:19.362000,55,29.23638888888945,0 days 00:00:34.862000,12002.0,327.0,8,100.0,False,1,car,2147.160555555555,0.3968810721210613,OnTrack,7897.323236054106,-9933.337443382348,4566.0698276422445,,,,
256,2022-08-28 13:04:19.473,0 days 01:03:19.393000,55,28.736943413333904,0 days 00:00:34.893000,11982.46995968,326.53499904,8,100.0,False,1,pos,2149.9586044682223,0.39739826337135375,OnTrack,7900.0,-9942.0,4566.0,,,,
257,2022-08-28 13:04:19.553,0 days 01:03:19.473000,55,27.448054524445034,0 days 00:00:34.973000,11932.06995968,325.33499904,8,100.0,False,1,pos,2157.1633841796047,0.3987299945680968,OnTrack,7892.0,-9919.0,4563.0,,,,
258,2022-08-28 13:04:19.642,0 days 01:03:19.562000,55,26.01416666666728,0 days 00:00:35.062000,11876.0,324.0,8,100.0,False,1,car,2165.1605555555548,0.40020819140876196,OnTrack,7902.076529332815,-9949.734099815265,4564.542621344835,,,,
259,2022-08-28 13:04:19.772,0 days 01:03:19.692000,55,22.94471920000052,0 days 00:00:35.192000,11664.749792,322.1428553142857,8,100.0,False,1,pos,2176.8168763661256,0.4023627452861218,OnTrack,7944.0,-10076.0,4573.0,,,,
260,2022-08-28 13:04:19.922,0 days 01:03:19.842000,55,19.403055555555966,0 days 00:00:35.342000,11421.0,320.0,8,100.0,True,1,car,2190.049444444444,0.40480865264607657,OnTrack,7987.124816934323,-10207.10395666635,4579.756166652944,,,,
261,2022-08-28 13:04:20.072,0 days 01:03:19.992000,55,16.028052675555966,0 days 00:00:35.492000,11055.74968832,306.49998848,8,27.249937919999994,True,1,pos,2202.7893107161935,0.4071634890236024,OnTrack,8027.0,-10327.0,4585.0,,,,
262,2022-08-28 13:04:20.122,0 days 01:03:20.042000,55,14.903055555555966,0 days 00:00:35.542000,10934.0,302.0,8,3.0,True,1,car,2206.8272222222217,0.4079098564265878,OnTrack,8040.3168714460535,-10366.109331264448,4586.849522528146,,,,
263,2022-08-28 13:04:20.292,0 days 01:03:20.212000,55,11.739164284444897,0 days 00:00:35.712000,10200.874448,282.02498496,8,1.7249990400000002,True,1,pos,2219.5736847336684,0.4102659120527983,OnTrack,8085.0,-10495.0,4593.0,,,,
264,2022-08-28 13:04:20.472,0 days 01:03:20.392000,55,8.389164284444941,0 days 00:00:35.892000,9424.624448,260.87498496,8,0.37499904000000006,True,1,pos,2231.8415905421098,0.4125335112769627,OnTrack,8129.0,-10622.0,4598.0,,,,
265,2022-08-28 13:04:20.522,0 days 01:03:20.442000,55,7.4586111111116224,0 days 00:00:35.942000,9209.0,255.0,8,0.0,True,1,car,2235.1605555555548,0.41314698863870924,OnTrack,8140.4803594628365,-10655.715505297147,4599.448457248359,,,,
266,2022-08-28 13:04:20.732,0 days 01:03:20.652000,55,4.191942453333898,0 days 00:00:36.152000,9588.750231466667,238.08332302222223,8,0.0,True,1,pos,2248.6952004103787,0.4156487318580794,OnTrack,8185.0,-10790.0,4606.0,,,,
267,2022-08-28 13:04:20.882,0 days 01:03:20.802000,55,1.8586111111117134,0 days 00:00:36.302000,9860.0,226.0,7,0.0,True,1,car,2257.7605555555547,0.4173243717443779,OnTrack,8213.099425204693,-10878.33494973418,4610.519223003897,,,,
268,2022-08-28 13:04:20.972,0 days 01:03:20.892000,55,1.8156348595138607,0 days 00:00:36.392000,9949.357269942857,216.67855817142856,7,0.0,True,1,pos,2262.8965999240395,0.41827371798220414,OnTrack,8229.0,-10929.0,4613.0,,,,
269,2022-08-28 13:04:21.092,0 days 01:03:21.012000,55,1.7583332722123148,0 days 00:00:36.512000,10068.500127085714,204.24998674285715,7,0.0,True,1,pos,2269.413479056652,0.419478297663189,OnTrack,8249.0,-10994.0,4616.0,,,,
270,2022-08-28 13:04:21.162,0 days 01:03:21.082000,,1.724907407408106,0 days 00:00:36.582000,10138.0,197.0,7,0.0,True,1,car,2273.0827777777768,0.42015653069359965,OnTrack,8258.735690969213,-11029.527815213638,4617.761573682365,,,,
271,2022-08-28 13:04:21.252,0 days 01:03:21.172000,,1.6819311558102534,0 days 00:00:36.672000,10376.5003392,187.9999872,7,0.0,True,1,pos,2277.6646576211588,0.42100344518253535,OnTrack,8270.0,-11075.0,4620.0,,,,
272,2022-08-28 13:04:21.322,0 days 01:03:21.242000,,1.6485052910060447,0 days 00:00:36.742000,10562.0,181.0,7,0.0,True,1,car,2281.127222222221,0.42164346548637455,OnTrack,8278.89516800136,-11112.73560721882,4621.642137790552,,,,
273,2022-08-28 13:04:21.433,0 days 01:03:21.353000,,1.5955012921912681,0 days 00:00:36.853000,10197.858123377779,176.0666638222222,7,0.0,True,1,pos,2286.443066960967,0.4226260460175247,OnTrack,8292.0,-11173.0,4624.0,,,,
274,2022-08-28 13:04:21.682,0 days 01:03:21.602000,,1.4766005291014066,0 days 00:00:37.102000,9381.0,165.0,4,0.0,True,1,car,2297.627222222221,0.4246933248334335,OnTrack,8309.16016924425,-11285.93883960917,4627.848476087416,,,,
275,2022-08-28 13:04:21.773,0 days 01:03:21.693000,,1.4331467948368877,0 days 00:00:37.193000,9221.1811376,160.1656216,4,1.7062511999999999,True,1,pos,2301.4808857014245,0.4254056358384315,OnTrack,8312.0,-11321.0,4629.0,,,,
276,2022-08-28 13:04:21.933,0 days 01:03:21.853000,,1.3567446784348263,0 days 00:00:37.353000,8940.1811376,151.6656216,4,4.7062512,True,1,pos,2308.0053453667365,0.4266116167047808,OnTrack,8313.0,-11378.0,4631.0,,,,
277,2022-08-28 13:04:22.002,0 days 01:03:21.922000,,1.3237962962972838,0 days 00:00:37.422000,8819.0,148.0,4,6.0,True,1,car,2310.7827777777766,0.42712499720172836,OnTrack,8311.57616570732,-11404.372060599508,4632.053316540732,,,,
278,2022-08-28 13:04:22.242,0 days 01:03:22.162000,,1.209193121694192,0 days 00:00:37.662000,8473.0,143.0,4,14.0,True,1,car,2320.31611111111,0.42888713815780694,OnTrack,8299.659017676122,-11499.219034965627,4635.886192291304,,,,
279,2022-08-28 13:04:22.253,0 days 01:03:22.173000,,1.2039404456307037,0 days 00:00:37.673000,8465.2999552,142.77999872,4,14.2750016,True,1,pos,2320.7467166783804,0.4289667312738212,OnTrack,8299.0,-11503.0,4636.0,,,,
280,2022-08-28 13:04:22.442,0 days 01:03:22.362000,,1.113690476191615,0 days 00:00:37.862000,8333.0,139.0,4,19.0,False,1,car,2328.038333333332,0.43031451340777727,OnTrack,8280.411801784636,-11569.381516932188,4637.776231492797,,,,
281,2022-08-28 13:04:22.453,0 days 01:03:22.373000,,1.1084378001281268,0 days 00:00:37.873000,8320.1207584,138.770832,4,19.3208352,False,1,pos,2328.455236263049,0.4303915737288084,OnTrack,8278.0,-11575.0,4638.0,,,,
282,2022-08-28 13:04:22.593,0 days 01:03:22.513000,,1.0415859482763232,0 days 00:00:38.013000,8156.204091733333,135.85416533333333,4,23.404168533333333,False,1,pos,2333.6870094615733,0.43135861447979096,OnTrack,8236.0,-11661.0,4642.0,,,,
283,2022-08-28 13:04:22.682,0 days 01:03:22.602000,,0.9990873015885232,0 days 00:00:38.102000,8052.0,134.0,4,26.0,False,1,car,2336.971666666665,0.43196575038759905,OnTrack,8213.399557655091,-11702.881958796408,4644.022809363873,,,,
284,2022-08-28 13:04:23.082,0 days 01:03:23.002000,,0.8080820105833699,0 days 00:00:38.502000,7376.0,122.0,4,16.0,False,1,car,2350.5272222222206,0.43447135874006504,OnTrack,8155.912350316046,-11771.92333317165,4647.858242281971,,,,
285,2022-08-28 13:04:23.093,0 days 01:03:23.013000,,0.8028293345198816,0 days 00:00:38.513000,7351.7998592,119.8687376,4,15.4499968,False,1,pos,2350.8099630574466,0.43452362054485955,OnTrack,8154.0,-11774.0,4648.0,,,,
286,2022-08-28 13:04:23.233,0 days 01:03:23.153000,,0.7359774826680779,0 days 00:00:38.653000,7043.7998592,92.7437376,4,8.449996800000001,False,1,pos,2353.85941261661,0.4350872806807019,OnTrack,8128.0,-11803.0,4650.0,,,,
287,2022-08-28 13:04:23.402,0 days 01:03:23.322000,5,0.6552777777792471,0 days 00:00:38.822000,6672.0,60.0,4,0.0,False,1,car,2355.860555555554,0.4354571718623468,OnTrack,8104.355765662533,-11829.070742938373,4651.605176312178,,,,
288,2022-08-28 13:04:23.493,0 days 01:03:23.413000,5,2.3144139755076614,0 days 00:00:38.913000,6261.7413781333335,45.086100622222226,4,0.0,False,1,pos,2356.0249856265154,0.4354875651101565,OnTrack,8096.0,-11838.0,4652.0,,,,
289,2022-08-28 13:04:23.653,0 days 01:03:23.573000,5,5.231574469334855,0 days 00:00:39.073000,5540.4080448,18.863878400000004,4,0.0,False,1,pos,2355.2594465558673,0.43534606289863176,OnTrack,8088.0,-11846.0,4652.0,,,,
290,2022-08-28 13:04:23.762,0 days 01:03:23.682000,20,7.218888888890433,0 days 00:00:39.182000,5049.0,1.0,4,0.0,True,1,car,2355.960555555554,0.43547565585838954,OnTrack,8084.697765008349,-11849.0942341454,4651.862219643655,,,,
291,2022-08-28 13:04:23.813,0 days 01:03:23.733000,20,7.615556053334903,0 days 00:00:39.233000,4983.408251022222,15.166684444444444,4,0.0,True,1,pos,2356.776671875392,0.4356265067666528,OnTrack,8080.0,-11854.0,4652.0,,,,
292,2022-08-28 13:04:24.093,0 days 01:03:24.013000,20,9.793333831112822,0 days 00:00:39.513000,4623.297139911111,92.94446222222221,4,0.0,True,1,pos,2365.172041247575,0.4371783065091842,OnTrack,8016.0,-11923.0,4655.0,,,,
293,2022-08-28 13:04:24.122,0 days 01:03:24.042000,20,10.018888888890615,0 days 00:00:39.542000,4586.0,101.0,4,0.0,True,1,car,2366.060555555554,0.4373425394587105,OnTrack,8011.481441414369,-11927.91601341812,4655.122678163319,,,,
294,2022-08-28 13:04:24.353,0 days 01:03:24.273000,20,11.173889208890614,0 days 00:00:39.773000,5011.61761792,98.1124992,4,0.0,True,1,pos,2372.4499337392067,0.4385235518693353,OnTrack,7991.0,-11950.0,4655.0,,,,
295,2022-08-28 13:04:24.522,0 days 01:03:24.442000,20,12.018888888890615,0 days 00:00:39.942000,5323.0,96.0,4,0.0,True,1,car,2376.7272222222205,0.43931416570327386,OnTrack,7960.391072454024,-11981.699433698377,4656.54087777675,,,,
296,2022-08-28 13:04:24.573,0 days 01:03:24.493000,20,10.630593165236254,0 days 00:00:39.993000,5274.5499392,94.86666524444445,4,0.28333368888888893,True,1,pos,2378.001273109884,0.43954966121893263,OnTrack,7951.0,-11992.0,4657.0,,,,
297,2022-08-28 13:04:24.753,0 days 01:03:24.673000,20,5.730732054125005,0 days 00:00:40.173000,5103.5499392,90.86666524444445,4,1.2833336888888889,True,1,pos,2382.4337153182814,0.44036895366133144,OnTrack,7923.0,-12026.0,4658.0,,,,
298,2022-08-28 13:04:24.882,0 days 01:03:24.802000,24,2.219166666668116,0 days 00:00:40.302000,4981.0,88.0,4,2.0,True,1,car,2385.5272222222206,0.4409407573550387,OnTrack,7904.500310525255,-12050.087736689971,4658.494857963259,,,,
299,2022-08-28 13:04:24.993,0 days 01:03:24.913000,24,1.887419079557037,0 days 00:00:40.413000,5191.2063712,86.265624,4,4.7750015999999995,True,1,pos,2388.1268147080323,0.4414212659272446,OnTrack,7889.0,-12072.0,4659.0,,,,
300,2022-08-28 13:04:25.202,0 days 01:03:25.122000,31,1.2627777777793199,0 days 00:00:40.622000,5587.0,83.0,4,10.0,False,1,car,2392.9049999999984,0.4423044655075284,OnTrack,7860.772360145253,-12118.210048312485,4660.467985688239,,,,
301,2022-08-28 13:04:25.313,0 days 01:03:25.233000,31,0.8976916297790801,0 days 00:00:40.733000,6198.5409776,82.3062496,4,13.468752,False,1,pos,2395.4128899367543,0.4427680237841958,OnTrack,7848.0,-12142.0,4661.0,,,,
302,2022-08-28 13:04:25.522,0 days 01:03:25.442000,3,0.21027777777862866,0 days 00:00:40.942000,7350.0,81.0,3,20.0,False,1,car,2400.104999999998,0.44363531322260863,OnTrack,7830.250975164033,-12181.184059625713,4660.888109093634,,,,
303,2022-08-28 13:04:25.753,0 days 01:03:25.673000,3,0.2753611291447118,0 days 00:00:41.173000,8967.000448,81.0,3,34.85000411428572,False,1,pos,2405.299854557419,0.4445955299334306,OnTrack,7817.0,-12226.0,4663.0,,,,
304,2022-08-28 13:04:25.793,0 days 01:03:25.713000,3,0.2866309704147269,0 days 00:00:41.213000,9247.000448,81.0,3,37.42143268571429,False,1,pos,2406.2019091151374,0.44476226566218297,OnTrack,7815.0,-12235.0,4664.0,,,,
305,2022-08-28 13:04:25.802,0 days 01:03:25.722000,18,0.28916666666873425,0 days 00:00:41.222000,9310.0,81.0,3,38.0,False,1,car,2406.4049999999984,0.4447998049733039,OnTrack,7814.553966557475,-12236.99719372065,4664.1979595851235,,,,
306,2022-08-28 13:04:26.082,0 days 01:03:26.002000,11,2.9316666666672972,0 days 00:00:41.502000,9310.0,81.0,3,15.0,False,1,car,2412.7049999999986,0.4459642967239992,OnTrack,7801.4471419839565,-12297.98010095485,4664.99189198527,,,,
307,2022-08-28 13:04:26.093,0 days 01:03:26.013000,11,3.108889920000624,0 days 00:00:41.513000,9232.999552,80.92142811428572,3,15.746432914285714,False,1,pos,2412.9481999261843,0.44600924978873135,OnTrack,7801.0,-12301.0,4665.0,,,,
308,2022-08-28 13:04:26.312,0 days 01:03:26.232000,11,6.637224284444942,0 days 00:00:41.732000,7699.999104,79.35714194285714,3,30.607151542857146,False,1,pos,2417.7351799651487,0.4468940749897024,OnTrack,7794.0,-12371.0,4666.0,,,,
309,2022-08-28 13:04:26.362,0 days 01:03:26.282000,11,7.442777777778247,0 days 00:00:41.782000,7350.0,79.0,3,34.0,False,1,car,2418.8494444444427,0.4471000355919612,OnTrack,7793.259718533243,-12386.539916083751,4666.325565034681,,,,
310,2022-08-28 13:04:26.602,0 days 01:03:26.522000,4,0.4536111111124228,0 days 00:00:42.022000,6189.0,84.0,3,47.0,False,1,car,2424.4494444444426,0.448135139370357,OnTrack,7794.346102598568,-12452.53538314104,4668.105483399619,,,,
311,2022-08-28 13:04:26.732,0 days 01:03:26.652000,4,0.9952780752846557,0 days 00:00:42.152000,6518.27455726822,87.83220165128635,3,53.485264332946144,False,1,pos,2427.7546044245087,0.44874606501028,OnTrack,7796.0,-12480.0,4669.0,,,,
312,2022-08-28 13:04:27.043,0 days 01:03:26.963000,4,2.2911111111125138,0 days 00:00:42.463000,7306.0,97.0,3,69.0,False,1,car,2436.331944444443,0.4503315002001405,OnTrack,7801.301566641899,-12528.15124380613,4670.731085028283,,,,
313,2022-08-28 13:04:27.092,0 days 01:03:27.012000,4,2.386388856372116,0 days 00:00:42.512000,7427.145687296342,98.96984857392425,3,70.23115535870265,False,1,pos,2437.732927736848,0.4505904578964688,OnTrack,7803.0,-12539.0,4671.0,,,,
314,2022-08-28 13:04:27.242,0 days 01:03:27.162000,4,2.6780555555569663,0 days 00:00:42.662000,7798.0,105.0,3,74.0,False,1,car,2442.1361111111096,0.4514043421371237,OnTrack,7810.213471135389,-12581.080444572772,4671.841859398808,,,,
315,2022-08-28 13:04:27.272,0 days 01:03:27.192000,4,2.6780555555569663,0 days 00:00:42.692000,7910.8754816,106.3125056,3,74.5625024,False,1,pos,2443.0495094922994,0.4515731746577577,OnTrack,7812.0,-12590.0,4672.0,,,,
316,2022-08-28 13:04:27.402,0 days 01:03:27.322000,4,2.6780555555569663,0 days 00:00:42.822000,8400.0,112.0,3,77.0,False,1,car,2447.1138888888877,0.4523244343845867,OnTrack,7821.02496444895,-12628.39406201417,4672.618723897748,,,,
317,2022-08-28 13:04:27.562,0 days 01:03:27.482000,4,2.8113888888901784,0 days 00:00:42.982000,8826.0,116.0,3,87.0,False,1,car,2452.2694444444433,0.45327738706945897,OnTrack,7835.018533419401,-12677.71306453556,4673.001234233899,,,,
318,2022-08-28 13:04:27.572,0 days 01:03:27.492000,4,2.8030554488901696,0 days 00:00:42.992000,8850.5003136,116.42857691428571,3,87.07142948571429,False,1,pos,2452.603578860312,0.45333914846166573,OnTrack,7836.0,-12681.0,4673.0,,,,
319,2022-08-28 13:04:27.842,0 days 01:03:27.762000,4,2.5780555555566025,0 days 00:00:43.262000,9512.0,128.0,3,89.0,False,1,car,2462.224999999999,0.45511757156438487,OnTrack,7866.640740237408,-12776.135228274143,4673.753941435632,,,,
320,2022-08-28 13:04:27.853,0 days 01:03:27.773000,4,2.5169440888899373,0 days 00:00:43.273000,9538.2626528,128.38500224,3,89.0,False,1,pos,2462.638019303009,0.45519391403600923,OnTrack,7868.0,-12780.0,4674.0,,,,
321,2022-08-28 13:04:27.893,0 days 01:03:27.813000,4,2.29472186666772,0 days 00:00:43.313000,9633.7626528,129.78500224,3,89.0,False,1,pos,2464.1527882775813,0.4554739038733265,OnTrack,7873.0,-12794.0,4675.0,,,,
322,2022-08-28 13:04:28.113,0 days 01:03:28.033000,4,1.0724996444455255,0 days 00:00:43.533000,10159.0126528,137.48500224,3,89.0,False,1,pos,2472.8171761754234,0.4570754289894949,OnTrack,7902.0,-12873.0,4675.0,,,,
323,2022-08-28 13:04:28.242,0 days 01:03:28.162000,4,0.3558333333344308,0 days 00:00:43.662000,10467.0,142.0,3,89.0,False,1,car,2478.002777777777,0.45803393538446824,OnTrack,7919.073250490299,-12918.005742765228,4675.486285445751,,,,
324,2022-08-28 13:04:28.413,0 days 01:03:28.333000,4,1.4073649768900425,0 days 00:00:43.833000,10554.1031576,144.1375008,3,74.0374944,False,1,pos,2484.9134379106085,0.4593113015299511,OnTrack,7942.0,-12978.0,4677.0,,,,
325,2022-08-28 13:04:28.562,0 days 01:03:28.482000,47,2.3236111111123137,0 days 00:00:43.982000,10630.0,146.0,3,61.0,False,1,car,2490.9805555555545,0.46043274731535366,OnTrack,7962.8597861632525,-13033.759175944193,4677.749033526126,,,,
326,2022-08-28 13:04:28.673,0 days 01:03:28.593000,47,1.6452773866676447,0 days 00:00:44.093000,10695.2125376,147.3875008,3,61.0,False,1,pos,2495.534797962885,0.4612745533017033,OnTrack,7978.0,-13077.0,4678.0,,,,
327,2022-08-28 13:04:28.722,0 days 01:03:28.642000,47,1.3458333333342125,0 days 00:00:44.142000,10724.0,148.0,3,61.0,False,1,car,2497.5583333333325,0.4616485834995011,OnTrack,7984.374763600353,-13096.45805097049,4678.038050494293,,,,
328,2022-08-28 13:04:28.873,0 days 01:03:28.793000,47,3.4983182734234686,0 days 00:00:44.293000,10615.65745408,148.75500032,3,53.82749696,False,1,pos,2503.8532191103736,0.462812129937427,OnTrack,8003.0,-13155.0,4678.0,,,,
329,2022-08-28 13:04:28.933,0 days 01:03:28.853000,47,4.353609940090281,0 days 00:00:44.353000,10572.60745408,149.05500032,3,50.977496959999996,False,1,pos,2506.378649569264,0.4632789304035114,OnTrack,8010.0,-13179.0,4678.0,,,,
330,2022-08-28 13:04:29.122,0 days 01:03:29.042000,18,7.047777777779629,0 days 00:00:44.542000,10437.0,150.0,3,42.0,True,1,car,2514.224999999999,0.4647292495066314,OnTrack,8025.979245845169,-13408.132545552022,4677.539384939528,,,,
331,2022-08-28 13:04:29.253,0 days 01:03:29.173000,18,5.8105549511128824,0 days 00:00:44.673000,10292.8999296,147.66071314285713,3,34.98213942857143,True,1,pos,2519.5323545613,0.4657102607137187,OnTrack,8028.0,-13580.0,4677.0,,,,
332,2022-08-28 13:04:29.402,0 days 01:03:29.322000,18,4.403333333335013,0 days 00:00:44.822000,10129.0,145.0,3,27.0,False,1,car,2525.502777777777,0.4668138335047896,OnTrack,8018.748236752712,-13687.922961686152,4676.33746028007,,,,
333,2022-08-28 13:04:29.602,0 days 01:03:29.522000,18,2.681111111112841,0 days 00:00:45.022000,10409.0,145.0,3,27.0,False,1,car,2533.558333333332,0.4683028220749025,OnTrack,7988.92464016029,-13723.251794536744,4675.423272697099,,,,
334,2022-08-28 13:04:29.713,0 days 01:03:29.633000,18,1.4477770666684247,0 days 00:00:45.133000,10734.78518784,147.22000128,3,50.86501376,False,1,pos,2538.1247495012276,0.46914687825867324,OnTrack,7967.0,-13751.0,4675.0,,,,
335,2022-08-28 13:04:29.802,0 days 01:03:29.722000,18,0.4588888888906695,0 days 00:00:45.222000,10996.0,149.0,3,70.0,False,1,car,2541.83611111111,0.4698328861917772,OnTrack,7946.905018218821,-13782.346316186067,4674.7115657517825,,,,
336,2022-08-28 13:04:30.042,0 days 01:03:29.962000,24,15.277500000001055,0 days 00:00:45.462000,11268.0,153.0,3,67.0,False,1,car,2552.03611111111,0.47171825378814103,OnTrack,7888.207810107146,-13888.309805693165,4674.114278966601,,,,
337,2022-08-28 13:04:30.093,0 days 01:03:30.013000,24,14.852499466667673,0 days 00:00:45.513000,11251.7437296,153.9562512,3,65.7249984,False,1,pos,2554.239688919008,0.4721255630229525,OnTrack,7878.0,-13906.0,4674.0,,,,
338,2022-08-28 13:04:30.202,0 days 01:03:30.122000,24,13.94416666666757,0 days 00:00:45.622000,11217.0,156.0,3,63.0,False,1,car,2558.9694444444435,0.47299981084710724,OnTrack,7859.722374042858,-13935.64107402286,4673.764619796805,,,,
339,2022-08-28 13:04:30.362,0 days 01:03:30.282000,24,12.744166666667297,0 days 00:00:45.782000,11353.0,156.0,3,70.0,False,1,car,2565.902777777777,0.47428136790607345,OnTrack,7839.015725054629,-13962.306744512105,4673.428396671678,,,,
340,2022-08-28 13:04:30.513,0 days 01:03:30.433000,24,11.863332960000696,0 days 00:00:45.933000,11406.389308342857,158.15714377142857,3,73.23571565714286,False,1,pos,2572.5960789140854,0.4755185574232402,OnTrack,7801.0,-14001.0,4673.0,,,,
341,2022-08-28 13:04:30.642,0 days 01:03:30.562000,24,11.110833333334085,0 days 00:00:46.062000,11452.0,160.0,3,76.0,False,1,car,2578.3472222222213,0.47658159852473075,OnTrack,7748.842799331704,-14051.422006408298,4672.521656312144,,,,
342,2022-08-28 13:04:30.753,0 days 01:03:30.673000,24,10.740833120000584,0 days 00:00:46.173000,11351.54494208,160.0,3,78.22000128,False,1,pos,2583.2539572307783,0.4774885592295422,OnTrack,7704.0,-14093.0,4672.0,,,,
343,2022-08-28 13:04:30.842,0 days 01:03:30.762000,24,10.444166666667115,0 days 00:00:46.262000,11271.0,160.0,3,80.0,False,1,car,2587.2361111111104,0.4782246203952003,OnTrack,7676.55988926534,-14116.600621408219,4671.492336826727,,,,
344,2022-08-28 13:04:31.033,0 days 01:03:30.953000,24,9.701388640000642,0 days 00:00:46.453000,11198.844420266667,166.3666688,3,87.42778026666667,False,1,pos,2596.1150109977325,0.479865795898886,OnTrack,7623.0,-14156.0,4670.0,,,,
345,2022-08-28 13:04:31.202,0 days 01:03:31.122000,24,9.04416666666748,0 days 00:00:46.622000,11135.0,172.0,4,94.0,False,1,car,2604.43611111111,0.48140386771455873,OnTrack,7544.295782024812,-14211.301929441343,4667.9743130026645,,,,
346,2022-08-28 13:04:31.353,0 days 01:03:31.273000,24,7.7438883377782854,0 days 00:00:46.773000,11036.09495808,184.08000512,4,98.53000192,False,1,pos,2612.2856921937564,0.48285478397125015,OnTrack,7471.0,-14262.0,4666.0,,,,
347,2022-08-28 13:04:31.402,0 days 01:03:31.322000,24,7.321944444444853,0 days 00:00:46.822000,11004.0,188.0,4,100.0,False,1,car,2614.880555555555,0.48333441841236047,OnTrack,7450.959101161154,-14275.673644046608,4665.40060770179,,,,
348,2022-08-28 13:04:31.602,0 days 01:03:31.522000,31,4.709444444446035,0 days 00:00:47.022000,10553.0,193.0,4,100.0,False,1,car,2625.602777777777,0.48531631354361426,OnTrack,7382.846822004536,-14321.168856720502,4663.024360725678,,,,
349,2022-08-28 13:04:31.673,0 days 01:03:31.593000,31,3.4274988444461245,0 days 00:00:47.093000,10673.2563584,194.3312512,4,100.0,False,1,pos,2629.446195473949,0.48602673071848224,OnTrack,7356.0,-14339.0,4662.0,,,,
350,2022-08-28 13:04:31.762,0 days 01:03:31.682000,31,1.8205555555573483,0 days 00:00:47.182000,10824.0,196.0,5,100.0,False,1,car,2634.3138888888884,0.4869264749766744,OnTrack,7318.192080972583,-14364.1487316911,4660.525131358979,,,,
351,2022-08-28 13:04:31.973,0 days 01:03:31.893000,31,0.8183052515570604,0 days 00:00:47.393000,11074.562576,201.2750016,5,100.0,False,1,pos,2646.2025971113208,0.48912398333404666,OnTrack,7218.0,-14432.0,4657.0,,,,
352,2022-08-28 13:04:32.053,0 days 01:03:31.973000,31,0.4383052515569512,0 days 00:00:47.473000,11169.562576,203.2750016,5,100.0,False,1,pos,2650.782841744089,0.4899705955707173,OnTrack,7181.0,-14458.0,4656.0,,,,
353,2022-08-28 13:04:32.082,0 days 01:03:32.002000,1,0.3005555555569117,0 days 00:00:47.502000,11204.0,204.0,5,100.0,False,1,car,2652.4472222222216,0.49027823959243216,OnTrack,7167.921706623136,-14467.11387972953,4655.471220102713,,,,
354,2022-08-28 13:04:32.213,0 days 01:03:32.133000,1,8.45121578755797,0 days 00:00:47.633000,11204.0,207.2750016,5,100.0,False,1,pos,2660.0017961717786,0.4916746267423173,OnTrack,7106.0,-14510.0,4652.0,,,,
355,2022-08-28 13:04:32.242,0 days 01:03:32.162000,16,10.255555555558203,0 days 00:00:47.662000,11204.0,208.0,5,100.0,False,1,car,2661.6916666666657,0.49198698233772037,OnTrack,7089.48037389573,-14521.64750042554,4651.147542112315,,,,
356,2022-08-28 13:04:32.482,0 days 01:03:32.402000,16,6.255555555558203,0 days 00:00:47.902000,11804.0,214.0,5,100.0,False,1,car,2675.9583333333326,0.49462403243982395,OnTrack,6921.089258070656,-14642.909062583387,4643.851961598462,,,,
357,2022-08-28 13:04:32.573,0 days 01:03:32.493000,16,4.814721208891553,0 days 00:00:47.993000,11833.0062704,216.2750016,5,100.0,False,1,pos,2681.458456097039,0.4956406749138156,OnTrack,6874.0,-14677.0,4642.0,,,,
358,2022-08-28 13:04:32.642,0 days 01:03:32.562000,16,3.7222222222249,0 days 00:00:48.062000,11855.0,218.0,5,100.0,False,1,car,2685.6472222222214,0.4964149262786357,OnTrack,6850.058227616001,-14694.305809152687,4641.113829628863,,,,
359,2022-08-28 13:04:32.802,0 days 01:03:32.722000,16,1.3222222222248092,0 days 00:00:48.222000,10735.0,220.0,5,100.0,False,1,car,2695.4249999999993,0.49822225033615214,OnTrack,6828.396018095847,-14709.921596966775,4640.4974747287715,,,,
360,2022-08-28 13:04:32.953,0 days 01:03:32.873000,16,13.129588337778209,0 days 00:00:48.373000,10766.458346666666,224.40416853333335,5,100.0,False,1,pos,2704.891400699074,0.49997201946676295,OnTrack,6745.0,-14772.0,4636.0,,,,
361,2022-08-28 13:04:33.042,0 days 01:03:32.962000,3,20.08888888888805,0 days 00:00:48.462000,10785.0,227.0,6,100.0,False,1,car,2710.558333333333,0.5010194950706265,OnTrack,6646.148815184734,-14845.72340784431,4630.429455814743,,,,
362,2022-08-28 13:04:33.112,0 days 01:03:33.032000,3,20.069444408888106,0 days 00:00:48.532000,10826.500075885715,228.50000274285713,6,100.0,False,1,pos,2715.0487828527384,0.5018495095820964,OnTrack,6567.0,-14905.0,4626.0,,,,
363,2022-08-28 13:04:33.322,0 days 01:03:33.242000,3,20.011111111110495,0 days 00:00:48.742000,10951.0,233.0,6,100.0,False,1,car,2728.6805555555547,0.5043692059090461,OnTrack,6422.438495303017,-15015.698390177284,4618.43152540434,,,,
364,2022-08-28 13:04:33.432,0 days 01:03:33.352000,3,19.94999992888816,0 days 00:00:48.852000,11073.65014272,235.20000256,6,100.0,False,1,pos,2735.9005800331583,0.5057037549477742,OnTrack,6362.0,-15063.0,4615.0,,,,
365,2022-08-28 13:04:33.522,0 days 01:03:33.442000,3,19.89999999999918,0 days 00:00:48.942000,11174.0,237.0,6,100.0,False,1,car,2741.8472222222217,0.5068029320546791,OnTrack,6306.742490266064,-15106.20728080505,4611.487992476334,,,,
366,2022-08-28 13:04:33.772,0 days 01:03:33.692000,3,19.830555519999056,0 days 00:00:49.192000,10980.2499008,237.62500032,6,59.3749792,False,1,pos,2758.524775444759,0.5098856103323657,OnTrack,6152.0,-15227.0,4601.0,,,,
367,2022-08-28 13:04:33.922,0 days 01:03:33.842000,3,19.78888888888787,0 days 00:00:49.342000,10864.0,238.0,6,35.0,True,1,car,2768.291666666666,0.5116909221193259,OnTrack,6090.663973960545,-15274.64670603874,4597.3999038239635,,,,
368,2022-08-28 13:04:34.202,0 days 01:03:34.122000,3,20.722222222221262,0 days 00:00:49.622000,10262.0,222.0,6,18.0,True,1,car,2785.558333333333,0.5148824921027129,OnTrack,6004.931883813074,-15341.857542157279,4592.31078333062,,,,
369,2022-08-28 13:04:34.212,0 days 01:03:34.132000,3,20.76111160888793,0 days 00:00:49.632000,10237.64968832,221.29999104,6,17.59999488,True,1,pos,2786.1527386460743,0.5149923619571981,OnTrack,6001.0,-15345.0,4592.0,,,,
370,2022-08-28 13:04:34.392,0 days 01:03:34.312000,3,21.461111608887975,0 days 00:00:49.812000,9799.34968832,208.69999104,6,10.39999488,True,1,pos,2796.556856211709,0.5169154586363165,OnTrack,5917.0,-15411.0,4585.0,,,,
371,2022-08-28 13:04:34.402,0 days 01:03:34.322000,3,21.49999999999909,0 days 00:00:49.822000,9775.0,208.0,6,10.0,True,1,car,2797.1138888888886,0.5170184205343232,OnTrack,5911.471696757522,-15415.081607919397,4584.573073532638,,,,
372,2022-08-28 13:04:34.653,0 days 01:03:34.573000,3,22.68527807999932,0 days 00:00:50.073000,9080.827948,193.8812464,6,16.2750016,True,1,pos,2810.4127455376533,0.5194765806710161,OnTrack,5762.0,-15518.0,4574.0,,,,
373,2022-08-28 13:04:34.722,0 days 01:03:34.642000,3,23.011111111110495,0 days 00:00:50.142000,8890.0,190.0,6,18.0,True,1,car,2814.0027777777773,0.5201401620882152,OnTrack,5732.506069112083,-15537.64409534847,4571.745605017496,,,,
374,2022-08-28 13:04:34.882,0 days 01:03:34.802000,3,23.322222222221626,0 days 00:00:50.302000,8904.0,186.0,6,15.0,True,1,car,2822.2694444444437,0.5216681724277519,OnTrack,5690.8850449621295,-15564.498972744563,4567.883776079407,,,,
375,2022-08-28 13:04:35.073,0 days 01:03:34.993000,3,23.74666680888836,0 days 00:00:50.493000,8909.968752,173.4656208,6,12.015624,True,1,pos,2831.2552945620355,0.5233291166078979,OnTrack,5616.0,-15607.0,4561.0,,,,
376,2022-08-28 13:04:35.202,0 days 01:03:35.122000,3,24.03333333333285,0 days 00:00:50.622000,8914.0,165.0,5,10.0,True,1,car,2836.93611111111,0.5243791585140265,OnTrack,5527.64118578095,-15655.706559055432,4553.577821472049,,,,
377,2022-08-28 13:04:35.253,0 days 01:03:35.173000,3,22.452567460740646,0 days 00:00:50.673000,8882.549960533333,163.19374773333334,5,9.0437488,True,1,pos,2839.133946233899,0.5247854062711497,OnTrack,5496.0,-15673.0,4551.0,,,,
378,2022-08-28 13:04:35.673,0 days 01:03:35.593000,3,9.434511905188309,0 days 00:00:51.093000,8623.549960533333,148.31874773333334,5,1.1687488000000013,True,1,pos,2856.314724376495,0.5279611006231463,OnTrack,5383.0,-15728.0,4543.0,,,,
379,2022-08-28 13:04:35.682,0 days 01:03:35.602000,16,9.155555555558749,0 days 00:00:51.102000,8618.0,148.0,4,1.0,True,1,car,2856.6694444444433,0.5280266670664687,OnTrack,5380.362454381492,-15729.02535660355,4542.7902644915885,,,,
380,2022-08-28 13:04:35.913,0 days 01:03:35.833000,16,4.867616867557944,0 days 00:00:51.333000,9164.700151466666,139.3374976,4,1.0,True,1,pos,2865.596076956992,0.5296766654668421,OnTrack,5297.0,-15758.0,4536.0,,,,
381,2022-08-28 13:04:35.922,0 days 01:03:35.842000,1,4.700555555557912,0 days 00:00:51.342000,9186.0,139.0,4,1.0,True,1,car,2865.93611111111,0.5297395173664332,OnTrack,5293.754257775097,-15758.813103025457,4535.76615276843,,,,
382,2022-08-28 13:04:36.093,0 days 01:03:36.013000,1,3.4233988275572513,0 days 00:00:51.513000,9076.453084,135.2593736,4,3.1375007999999998,True,1,pos,2872.2806294479415,0.5309122378847467,OnTrack,5234.0,-15768.0,4532.0,,,,
383,2022-08-28 13:04:36.242,0 days 01:03:36.162000,20,2.3105555555566752,0 days 00:00:51.662000,8981.0,132.0,3,5.0,True,1,car,2877.6694444444433,0.5319083062354529,OnTrack,5178.417178774658,-15769.24439775795,4528.722094970337,,,,
384,2022-08-28 13:04:36.313,0 days 01:03:36.233000,20,4.065834915556693,0 days 00:00:51.733000,8879.5290752,130.520832,3,5.5916672,True,1,pos,2880.2033475177077,0.532376672779243,OnTrack,5152.0,-15768.0,4527.0,,,,
385,2022-08-28 13:04:36.482,0 days 01:03:36.402000,20,8.24388888889007,0 days 00:00:51.902000,8638.0,127.0,3,7.0,True,1,car,2886.13611111111,0.5334732845670751,OnTrack,5091.939045219361,-15760.574533906407,4522.3317832734865,,,,
386,2022-08-28 13:04:36.882,0 days 01:03:36.802000,31,2.8094444444473083,0 days 00:00:52.302000,8082.0,121.0,3,2.0,False,1,car,2899.5805555555544,0.5359583551461602,OnTrack,4965.095702050099,-15716.201290353767,4510.07077127568,,,,
387,2022-08-28 13:04:36.973,0 days 01:03:36.893000,31,4.755834702225139,0 days 00:00:52.393000,8083.300000914286,119.69999908571428,3,1.3499995428571427,False,1,pos,2902.5620360674257,0.5365094518859906,OnTrack,4939.0,-15700.0,4508.0,,,,
388,2022-08-28 13:04:37.133,0 days 01:03:37.053000,31,8.178056924447453,0 days 00:00:52.553000,8085.5857152,117.4142848,3,0.20714239999999995,False,1,pos,2907.74799238926,0.537468023847299,OnTrack,4897.0,-15668.0,4505.0,,,,
389,2022-08-28 13:04:37.162,0 days 01:03:37.082000,31,8.798333333336359,0 days 00:00:52.582000,8086.0,117.0,3,0.0,False,1,car,2908.6805555555543,0.5376403987860533,OnTrack,4890.697303486201,-15662.871444807328,4504.441978833275,,,,
390,2022-08-28 13:04:37.273,0 days 01:03:37.193000,31,10.67916775111411,0 days 00:00:52.693000,7993.191613155555,116.07499946666667,3,0.0,False,1,pos,2912.2291838573583,0.5382963271009317,OnTrack,4869.0,-15644.0,4502.0,,,,
391,2022-08-28 13:04:37.493,0 days 01:03:37.413000,31,14.406945528891832,0 days 00:00:52.913000,7809.247168711111,114.24166613333334,3,0.0,False,1,pos,2919.1726862598143,0.5395797638102323,OnTrack,4821.0,-15592.0,4495.0,,,,
392,2022-08-28 13:04:37.522,0 days 01:03:37.442000,31,14.898333333336268,0 days 00:00:52.942000,7785.0,114.0,3,0.0,False,1,car,2920.0805555555544,0.5397475743349305,OnTrack,4815.106167887455,-15584.69812175441,4494.171768660808,,,,
393,2022-08-28 13:04:37.722,0 days 01:03:37.642000,23,0.5341666666686251,0 days 00:00:53.142000,7657.0,112.0,3,0.0,False,1,car,2926.3027777777766,0.5408976896442591,OnTrack,4779.579333752756,-15533.829947261102,4489.570303535307,,,,
394,2022-08-28 13:04:37.793,0 days 01:03:37.713000,23,0.6919445866685489,0 days 00:00:53.213000,7708.9187968,111.5562496,3,4.8812544,False,1,pos,2928.502947857188,0.5413043689946722,OnTrack,4769.0,-15515.0,4488.0,,,,
395,2022-08-28 13:04:37.882,0 days 01:03:37.802000,23,0.8897222222240089,0 days 00:00:53.302000,7774.0,111.0,3,11.0,False,1,car,2931.23611111111,0.5418095667823697,OnTrack,4757.203095769502,-15490.637446855191,4485.942552173686,,,,
396,2022-08-28 13:04:38.053,0 days 01:03:37.973000,23,1.3172223822241755,0 days 00:00:53.473000,7688.499968,108.55714194285714,3,12.221429028571428,False,1,pos,2936.3377120023883,0.5427525464892321,OnTrack,4739.0,-15442.0,4482.0,,,,
397,2022-08-28 13:04:38.153,0 days 01:03:38.073000,23,1.5672223822242728,0 days 00:00:53.573000,7638.499968,107.12857051428571,3,12.935714742857144,False,1,pos,2939.2918097889524,0.5432985818072005,OnTrack,4731.0,-15413.0,4480.0,,,,
398,2022-08-28 13:04:38.162,0 days 01:03:38.082000,23,1.5897222222242817,0 days 00:00:53.582000,7634.0,107.0,3,13.0,False,1,car,2939.558333333332,0.5433478460085968,OnTrack,4730.382790391391,-15410.384647749897,4479.839429607501,,,,
399,2022-08-28 13:04:38.322,0 days 01:03:38.242000,23,1.9452777777796655,0 days 00:00:53.742000,7691.0,107.0,3,27.0,False,1,car,2944.3138888888875,0.5442268627092979,OnTrack,4722.295631363393,-15363.83286065263,4477.51811059739,,,,
400,2022-08-28 13:04:38.413,0 days 01:03:38.333000,23,1.970555573335267,0 days 00:00:53.833000,7838.42010368,107.91000064,3,36.55500672,False,1,pos,2947.03158001659,0.5447292006297973,OnTrack,4720.0,-15337.0,4476.0,,,,
401,2022-08-28 13:04:38.522,0 days 01:03:38.442000,23,2.000833333335322,0 days 00:00:53.942000,8015.0,109.0,3,48.0,False,1,car,2950.369444444443,0.5453461713585552,OnTrack,4719.369023315703,-15304.333712287149,4473.6032721090105,,,,
402,2022-08-28 13:04:38.693,0 days 01:03:38.613000,23,3.3043569693518515,0 days 00:00:54.113000,8322.483448414814,113.1166682074074,3,53.06666856296296,False,1,pos,2955.9695795520956,0.546381300110244,OnTrack,4723.0,-15252.0,4469.0,,,,
403,2022-08-28 13:04:38.913,0 days 01:03:38.833000,23,4.981404294454821,0 days 00:00:54.333000,8718.076041007407,118.4129645037037,3,59.58518708148148,False,1,pos,2963.8293912598338,0.5478341073952726,OnTrack,4736.0,-15183.0,4463.0,,,,
404,2022-08-28 13:04:39.133,0 days 01:03:39.053000,23,6.658451619557789,0 days 00:00:54.553000,9113.6686336,123.7092608,3,66.1037056,False,1,pos,2972.3857205623094,0.5494156589649494,OnTrack,4759.0,-15113.0,4458.0,,,,
405,2022-08-28 13:04:39.193,0 days 01:03:39.113000,23,7.11582816276769,0 days 00:00:54.613000,9221.557522488889,125.15370524444444,3,67.88148337777778,False,1,pos,2974.7608017726866,0.5498546688818884,OnTrack,4767.0,-15094.0,4456.0,,,,
406,2022-08-28 13:04:39.413,0 days 01:03:39.333000,23,8.792875487870658,0 days 00:00:54.833000,9617.150115081482,130.45000154074074,3,74.40000189629629,False,1,pos,2983.4432632143134,0.5514595347111748,OnTrack,4802.0,-15026.0,4451.0,,,,
407,2022-08-28 13:04:39.602,0 days 01:03:39.522000,4,10.233611111113532,0 days 00:00:55.022000,9957.0,135.0,3,80.0,False,1,car,2990.869444444443,0.5528321897558819,OnTrack,4840.517597305307,-14968.151542817885,4445.62710505675,,,,
408,2022-08-28 13:04:39.732,0 days 01:03:39.652000,4,9.691943911113391,0 days 00:00:55.152000,10187.285941028571,138.2500032,3,81.85714468571429,False,1,pos,2995.9597887350424,0.5537730887931203,OnTrack,4872.0,-14929.0,4442.0,,,,
409,2022-08-28 13:04:39.882,0 days 01:03:39.802000,4,9.066944444446563,0 days 00:00:55.302000,10453.0,142.0,3,84.0,False,1,car,3001.913888888888,0.5548736444299404,OnTrack,4912.893042026393,-14885.229931987667,4438.648984345918,,,,
410,2022-08-28 13:04:39.912,0 days 01:03:39.832000,4,8.850276853335467,0 days 00:00:55.332000,10518.2502784,143.05000448,3,84.15000064,False,1,pos,3003.1294527048144,0.5550983291975737,OnTrack,4921.0,-14877.0,4438.0,,,,
411,2022-08-28 13:04:40.082,0 days 01:03:40.002000,4,7.622500000002219,0 days 00:00:55.502000,10888.0,149.0,3,85.0,False,1,car,3010.1916666666657,0.5564037085468151,OnTrack,4968.4951407653825,-14831.836011524543,4433.885386864455,,,,
412,2022-08-28 13:04:40.132,0 days 01:03:40.052000,4,7.080832378204949,0 days 00:00:55.552000,11049.82601149131,151.0746924550168,3,86.0373462275084,False,1,pos,3012.336278026413,0.5568001184256838,OnTrack,4990.0,-14814.0,4432.0,,,,
413,2022-08-28 13:04:40.323,0 days 01:03:40.243000,4,5.0116666666690435,0 days 00:00:55.743000,11668.0,159.0,3,90.0,False,1,car,3020.835833333332,0.5583711758922688,OnTrack,5104.1848656112215,-14726.520055059003,4422.102689968142,,,,
414,2022-08-28 13:04:40.352,0 days 01:03:40.272000,4,4.5686120888912605,0 days 00:00:55.772000,11586.8001792,160.2428544,3,90.9321408,False,1,pos,3022.1724228415433,0.5586182310440747,OnTrack,5117.0,-14717.0,4421.0,,,,
415,2022-08-28 13:04:40.603,0 days 01:03:40.523000,4,0.7338888888912152,0 days 00:00:56.023000,10884.0,171.0,3,99.0,False,1,car,3034.1358333333324,0.5608295473659588,OnTrack,5161.742333080215,-14687.393397889884,4417.198265649658,,,,
416,2022-08-28 13:04:40.612,0 days 01:03:40.532000,4,0.9868748167456662,0 days 00:00:56.032000,10900.075376795423,171.22641375768202,3,99.0566034394205,False,1,pos,3034.570272966016,0.5609098491704724,OnTrack,5164.0,-14686.0,4417.0,,,,
417,2022-08-28 13:04:40.762,0 days 01:03:40.682000,31,5.203333333336104,0 days 00:00:56.182000,11168.0,175.0,4,100.0,False,1,car,3041.864999999999,0.5622582062267655,OnTrack,5221.669260804029,-14649.639899427373,4411.873147685023,,,,
418,2022-08-28 13:04:40.852,0 days 01:03:40.772000,31,3.3783307377807077,0 days 00:00:56.272000,11181.05001856,177.70000384,4,98.19999744,False,1,pos,3046.3437173318184,0.5630860521611464,OnTrack,5264.0,-14624.0,4408.0,,,,
419,2022-08-28 13:04:40.962,0 days 01:03:40.882000,31,1.1477777777809024,0 days 00:00:56.382000,11197.0,181.0,4,96.0,False,1,car,3051.920555555554,0.564116874717734,OnTrack,5316.05840090079,-14594.617826588033,4403.072777130598,,,,
420,2022-08-28 13:04:41.133,0 days 01:03:41.053000,31,1.4862154044472613,0 days 00:00:56.553000,10813.852981600001,185.2750016,4,94.3968744,False,1,pos,3060.7800217735303,0.5657544581028762,OnTrack,5397.0,-14552.0,4396.0,,,,
421,2022-08-28 13:04:41.282,0 days 01:03:41.202000,1,1.7811111111136597,0 days 00:00:56.702000,10480.0,189.0,5,93.0,False,1,car,3068.7205555555543,0.5672221860529214,OnTrack,5467.040274667194,-14515.822577931469,4391.307301270647,,,,
422,2022-08-28 13:04:41.313,0 days 01:03:41.233000,1,1.8690163851873944,0 days 00:00:56.733000,10516.295908266668,190.1625024,5,92.74166613333334,False,1,pos,3070.401833208336,0.5675329533477298,OnTrack,5482.0,-14508.0,4390.0,,,,
423,2022-08-28 13:04:41.493,0 days 01:03:41.413000,1,2.3794330518520903,0 days 00:00:56.913000,10727.045908266668,196.9125024,5,91.24166613333334,False,1,pos,3080.3175284155695,0.5693657700574491,OnTrack,5573.0,-14459.0,4380.0,,,,
424,2022-08-28 13:04:41.522,0 days 01:03:41.442000,24,2.461666666666588,0 days 00:00:56.942000,10761.0,198.0,5,91.0,False,1,car,3081.9205555555545,0.5696620735305686,OnTrack,5588.332479659529,-14450.430180301388,4378.65172393715,,,,
425,2022-08-28 13:04:41.682,0 days 01:03:41.602000,3,1.578888888889196,0 days 00:00:57.102000,10579.0,198.0,5,60.0,True,1,car,3090.7205555555543,0.5712886651823333,OnTrack,5675.332131063868,-14400.076242779536,4373.513592412661,,,,
426,2022-08-28 13:04:41.773,0 days 01:03:41.693000,3,1.4524999111113954,0 days 00:00:57.193000,10390.40236736,195.7249984,5,52.492494719999996,True,1,pos,3095.6093684184675,0.5721923131584533,OnTrack,5721.0,-14372.0,4371.0,,,,
427,2022-08-28 13:04:41.933,0 days 01:03:41.853000,3,1.2302776888891327,0 days 00:00:57.353000,10058.80236736,191.7249984,5,39.29249472,True,1,pos,3103.9731542594895,0.5737382750023344,OnTrack,5791.0,-14325.0,4366.0,,,,
428,2022-08-28 13:04:42.082,0 days 01:03:42.002000,3,1.0233333333335395,0 days 00:00:57.502000,9750.0,188.0,5,27.0,True,1,car,3111.6094444444434,0.5751497665779367,OnTrack,5851.332634886189,-14278.017780281029,4360.007192222043,,,,
429,2022-08-28 13:04:42.233,0 days 01:03:42.153000,3,1.1911111822223903,0 days 00:00:57.653000,9497.82989312,182.71499776,5,24.73499904,True,1,pos,3119.230871708037,0.5765585108917428,OnTrack,5908.0,-14227.0,4354.0,,,,
430,2022-08-28 13:04:42.282,0 days 01:03:42.202000,3,1.2455555555557112,0 days 00:00:57.702000,9416.0,181.0,5,24.0,True,1,car,3121.6649999999986,0.5770084350689053,OnTrack,5925.214254641453,-14209.88403780086,4352.371315363579,,,,
431,2022-08-28 13:04:42.293,0 days 01:03:42.213000,3,1.2486111288890358,0 days 00:00:57.713000,9406.610659657143,180.68571245714287,5,23.56785462857143,True,1,pos,3122.2083132267326,0.5771088610642348,OnTrack,5929.0,-14206.0,4352.0,,,,
432,2022-08-28 13:04:42.562,0 days 01:03:42.482000,3,1.3233333333332666,0 days 00:00:57.982000,9177.0,173.0,5,13.0,True,1,car,3135.1205555555543,0.5794955594253285,OnTrack,6012.371723365097,-14106.041533627746,4341.634139267037,,,,
433,2022-08-28 13:04:42.613,0 days 01:03:42.533000,3,1.394166755555521,0 days 00:00:58.033000,9087.324887466666,171.0874976,5,11.7249984,True,1,pos,3137.47969564105,0.5799316227853751,OnTrack,6026.0,-14086.0,4340.0,,,,
434,2022-08-28 13:04:42.802,0 days 01:03:42.722000,3,1.6566666666667516,0 days 00:00:58.222000,8755.0,164.0,5,7.0,True,1,car,3146.0538888888877,0.581516476326006,OnTrack,6069.7148870362325,-14009.012924639488,4335.408796251237,,,,
435,2022-08-28 13:04:42.853,0 days 01:03:42.773000,3,1.6566666666667516,0 days 00:00:58.273000,8743.707128685714,163.81785691428573,5,12.282149485714285,True,1,pos,3148.3644842843287,0.5819435666874638,OnTrack,6079.0,-13988.0,4334.0,,,,
436,2022-08-28 13:04:43.033,0 days 01:03:42.953000,3,1.6566666666667516,0 days 00:00:58.453000,8703.849985828572,163.17499977142856,5,30.925006628571428,True,1,pos,3156.521681821599,0.5834513427574548,OnTrack,6103.0,-13913.0,4328.0,,,,
437,2022-08-28 13:04:43.082,0 days 01:03:43.002000,3,1.6566666666667516,0 days 00:00:58.502000,8693.0,163.0,5,36.0,False,1,car,3158.7316666666657,0.5838598362687631,OnTrack,6108.0318864943165,-13891.557299449953,4326.599094069831,,,,
438,2022-08-28 13:04:43.253,0 days 01:03:43.173000,3,1.609166648889017,0 days 00:00:58.673000,8869.700066133333,162.28749973333333,5,63.7875104,False,1,pos,3166.4081150030843,0.5852787506754928,OnTrack,6121.0,-13815.0,4322.0,,,,
439,2022-08-28 13:04:43.322,0 days 01:03:43.242000,3,1.5900000000001455,0 days 00:00:58.742000,8941.0,162.0,5,75.0,False,1,car,3169.5316666666654,0.5858561078413835,OnTrack,6123.7448844264145,-13784.479811308756,4319.444460072419,,,,
440,2022-08-28 13:04:43.333,0 days 01:03:43.253000,3,1.5686109866668234,0 days 00:00:58.753000,8953.70507392,162.22000128,5,75.44000256,False,1,pos,3170.0323574937865,0.5859486555140552,OnTrack,6124.0,-13779.0,4319.0,,,,
441,2022-08-28 13:04:43.522,0 days 01:03:43.442000,3,1.2011111111114587,0 days 00:00:58.942000,9172.0,166.0,5,83.0,False,1,car,3178.7538888888876,0.5875607430319957,OnTrack,6120.034714026035,-13649.40969585291,4310.08814848004,,,,
442,2022-08-28 13:04:43.633,0 days 01:03:43.553000,3,0.7694441955558751,0 days 00:00:59.053000,9332.025092266667,168.31250133333333,5,83.92500053333333,False,1,pos,3183.9837846458345,0.5885274367567512,OnTrack,6115.0,-13582.0,4306.0,,,,
443,2022-08-28 13:04:43.762,0 days 01:03:43.682000,3,0.2677777777780648,0 days 00:00:59.182000,9518.0,171.0,5,85.0,False,1,car,3190.1538888888876,0.5896679185808728,OnTrack,6109.67987782542,-13537.908339530539,4303.80142678623,,,,
444,2022-08-28 13:04:43.933,0 days 01:03:43.853000,3,5.043310815113981,0 days 00:00:59.353000,9769.156343999999,174.2062512,5,87.671876,False,1,pos,3198.4692334844294,0.5912049265468564,OnTrack,6099.0,-13496.0,4302.0,,,,
445,2022-08-28 13:04:44.082,0 days 01:03:44.002000,16,9.204444444449564,0 days 00:00:59.502000,9988.0,177.0,5,90.0,False,1,car,3205.8872222222208,0.5925760672916037,OnTrack,6081.0472305083495,-13427.77055198611,4297.818331617595,,,,
446,2022-08-28 13:04:44.213,0 days 01:03:44.133000,16,8.622221937782859,0 days 00:00:59.633000,10264.971563885714,181.21071634285715,5,92.80714422857143,False,1,pos,3212.5728569278062,0.593811839746019,OnTrack,6061.0,-13359.0,4294.0,,,,
447,2022-08-28 13:04:44.362,0 days 01:03:44.282000,16,7.960000000005039,0 days 00:00:59.782000,10580.0,186.0,5,96.0,False,1,car,3220.353888888887,0.5952500853857928,OnTrack,6035.708749096453,-13286.250540965135,4290.941363117374,,,,
448,2022-08-28 13:04:44.393,0 days 01:03:44.313000,16,7.7102772622273,0 days 00:00:59.813000,10619.99008256,187.08500224,5,96.62000128,False,1,pos,3221.994980761071,0.5955534247425056,OnTrack,6030.0,-13271.0,4290.0,,,,
449,2022-08-28 13:04:44.562,0 days 01:03:44.482000,16,6.34888888889418,0 days 00:00:59.982000,10838.0,193.0,5,100.0,False,1,car,3231.076111111109,0.5972319805170466,OnTrack,5996.175820388052,-13185.355063677152,4281.863740892659,,,,
450,2022-08-28 13:04:44.633,0 days 01:03:44.553000,16,5.6388882488941805,0 days 00:01:00.053000,10898.3500544,195.13000192,5,100.0,False,1,pos,3234.9591380816264,0.5979497190686172,OnTrack,5982.0,-13151.0,4278.0,,,,
451,2022-08-28 13:04:44.762,0 days 01:03:44.682000,16,4.34888888889418,0 days 00:01:00.182000,11008.0,199.0,5,100.0,False,1,car,3242.131666666665,0.5992754889684431,OnTrack,5957.105817776615,-13092.479619524776,4271.2391681976915,,,,
452,2022-08-28 13:04:44.833,0 days 01:03:44.753000,16,3.4219436088941775,0 days 00:01:00.253000,11089.903645257144,201.2821449142857,5,100.0,False,1,pos,3246.1560828043735,0.6000193618880821,OnTrack,5939.0,-13050.0,4267.0,,,,
453,2022-08-28 13:04:45.042,0 days 01:03:44.962000,16,0.6933333333386145,0 days 00:01:00.462000,11331.0,208.0,5,100.0,False,1,car,3258.3094444444428,0.6022657887726975,OnTrack,5862.635301663699,-12868.887990355668,4251.872091910612,,,,
454,2022-08-28 13:04:45.073,0 days 01:03:44.993000,16,0.7215993639162417,0 days 00:01:00.493000,11261.17235584,208.85250176,5,100.0,False,1,pos,3260.148472411099,0.60260571462928,OnTrack,5853.0,-12846.0,4250.0,,,,
455,2022-08-28 13:04:45.442,0 days 01:03:45.362000,5,1.0580555555588944,0 days 00:01:00.862000,10430.0,219.0,5,100.0,False,1,car,3282.642777777776,0.6067635611431078,OnTrack,5796.804385002675,-12711.682868035568,4238.600011489493,,,,
456,2022-08-28 13:04:45.493,0 days 01:03:45.413000,5,17.95076425422546,0 days 00:01:00.913000,10497.06508416,220.53000192,5,100.0,False,1,pos,3285.8076494146344,0.6073485558912239,OnTrack,5788.0,-12690.0,4237.0,,,,
457,2022-08-28 13:04:45.642,0 days 01:03:45.562000,63,67.30388888889183,0 days 00:01:01.062000,10693.0,225.0,6,100.0,False,1,car,3295.1427777777753,0.6090740606484554,OnTrack,5754.498570596266,-12606.961573364359,4231.162956717521,,,,
458,2022-08-28 13:04:45.713,0 days 01:03:45.633000,63,67.58000024889185,0 days 00:01:01.133000,10783.5250816,227.218752,6,100.0,False,1,pos,3299.6615358565114,0.6099093077129119,OnTrack,5738.0,-12566.0,4228.0,,,,
459,2022-08-28 13:04:45.802,0 days 01:03:45.722000,63,67.9261111111141,0 days 00:01:01.222000,10897.0,230.0,6,100.0,False,1,car,3305.364999999998,0.6109635357994955,OnTrack,5718.887193493772,-12518.565660213557,4223.819546014094,,,,
460,2022-08-28 13:04:45.913,0 days 01:03:45.833000,63,68.48111143111396,0 days 00:01:01.333000,11004.035776,230.7928576,6,100.0,False,1,pos,3312.4865810225724,0.6122798885538916,OnTrack,5692.0,-12449.0,4218.0,,,,
461,2022-08-28 13:04:46.082,0 days 01:03:46.002000,63,69.32611111111373,0 days 00:01:01.502000,11167.0,232.0,6,100.0,False,1,car,3323.4094444444427,0.6142988701965485,OnTrack,5634.970527727006,-12291.407836300914,4207.675403493721,,,,
462,2022-08-28 13:04:46.113,0 days 01:03:46.033000,63,69.47250030222486,0 days 00:01:01.533000,11183.556852363636,232.49318283636364,6,100.0,False,1,pos,3325.4348020187194,0.61467323721043,OnTrack,5626.0,-12266.0,4206.0,,,,
463,2022-08-28 13:04:46.472,0 days 01:03:46.392000,63,71.16777838222505,0 days 00:01:01.892000,11375.295522909091,238.20454749090908,6,100.0,False,1,pos,3349.283685849806,0.6190814639540156,OnTrack,5574.0,-12103.0,4193.0,,,,
464,2022-08-28 13:04:46.522,0 days 01:03:46.442000,63,71.40388888889174,0 days 00:01:01.942000,11402.0,239.0,6,100.0,False,1,car,3352.6205555555534,0.6196982508183788,OnTrack,5566.7324215198705,-12077.831627252808,4191.048339738916,,,,
465,2022-08-28 13:04:46.763,0 days 01:03:46.683000,63,72.87666666666973,0 days 00:01:02.183000,10842.0,241.0,6,100.0,False,1,car,3368.7541666666643,0.6226803868577144,OnTrack,5522.176660882002,-11919.111857186012,4179.618690670116,,,,
466,2022-08-28 13:04:46.792,0 days 01:03:46.712000,63,73.01361080889198,0 days 00:01:02.212000,10792.458442666666,241.48333226666668,6,100.0,False,1,pos,3370.7199766546405,0.6230437470981006,OnTrack,5516.0,-11896.0,4178.0,,,,
467,2022-08-28 13:04:47.012,0 days 01:03:46.932000,63,74.05249969778103,0 days 00:01:02.432000,10416.625109333334,245.14999893333334,6,100.0,False,1,pos,3385.82809242075,0.6258363306184472,OnTrack,5468.0,-11710.0,4165.0,,,,
468,2022-08-28 13:04:47.123,0 days 01:03:47.043000,63,74.57666666667001,0 days 00:01:02.543000,10227.0,247.0,7,100.0,False,1,car,3393.454166666664,0.6272459338802815,OnTrack,5450.447890373638,-11640.700119661462,4159.860464252896,,,,
469,2022-08-28 13:04:47.323,0 days 01:03:47.243000,63,75.74333333333652,0 days 00:01:02.743000,10227.0,247.0,7,100.0,False,1,car,3407.176388888887,0.6297823488928188,OnTrack,5426.214071136382,-11542.064823749752,4152.356750082793,,,,
470,2022-08-28 13:04:47.332,0 days 01:03:47.252000,63,75.79333300452174,0 days 00:01:02.752000,10240.838349105747,247.25069473017658,7,100.0,False,1,pos,3407.803318000838,0.629898230445063,OnTrack,5425.0,-11537.0,4152.0,,,,
471,2022-08-28 13:04:47.552,0 days 01:03:47.472000,63,77.01555588041195,0 days 00:01:02.972000,10579.111510522034,253.3788317123557,7,100.0,False,1,pos,3423.4667889811894,0.6327934658012334,OnTrack,5390.0,-11387.0,4142.0,,,,
472,2022-08-28 13:04:47.682,0 days 01:03:47.602000,63,77.73777777778105,0 days 00:01:03.102000,10779.0,257.0,7,100.0,False,1,car,3432.8049999999976,0.6345195403564166,OnTrack,5362.049880674597,-11261.956004678996,4133.631608460192,,,,
473,2022-08-28 13:04:47.873,0 days 01:03:47.793000,63,78.7988892444479,0 days 00:01:03.293000,10761.80999424,257.95500032,7,100.0,False,1,pos,3446.4881451576557,0.6370487323658863,OnTrack,5322.0,-11079.0,4121.0,,,,
474,2022-08-28 13:04:47.882,0 days 01:03:47.802000,63,78.84888888889236,0 days 00:01:03.302000,10761.0,258.0,7,100.0,False,1,car,3447.138333333331,0.6371689131225486,OnTrack,5320.595785954873,-11072.50923021374,4120.528267399575,,,,
475,2022-08-28 13:04:48.193,0 days 01:03:48.113000,63,80.23111139555907,0 days 00:01:03.613000,10948.37753856,263.44250112,7,98.44499968,False,1,pos,3470.00023032301,0.6413947052574258,OnTrack,5289.0,-10923.0,4109.0,,,,
476,2022-08-28 13:04:48.282,0 days 01:03:48.202000,63,80.62666666667019,0 days 00:01:03.702000,11002.0,265.0,7,98.0,False,1,car,3476.5827777777754,0.6426114230684788,OnTrack,5277.555109118017,-10869.54510288722,4105.558933373146,,,,
477,2022-08-28 13:04:48.453,0 days 01:03:48.373000,63,81.38666695111459,0 days 00:01:03.873000,11101.037537066666,265.71250026666667,7,90.16249706666667,False,1,pos,3489.211401551868,0.6449456973871401,OnTrack,5252.0,-10751.0,4098.0,,,,
478,2022-08-28 13:04:48.522,0 days 01:03:48.442000,63,81.6933333333368,0 days 00:01:03.942000,11141.0,266.0,7,87.0,False,1,car,3494.316111111109,0.6458892517000655,OnTrack,5242.003267833951,-10704.524950457135,4094.589361129212,,,,
479,2022-08-28 13:04:48.653,0 days 01:03:48.573000,63,82.27555584000355,0 days 00:01:04.073000,11148.3687536,266.8187504,7,82.906248,False,1,pos,3504.0323080126063,0.6476851931508472,OnTrack,5221.0,-10606.0,4087.0,,,,
480,2022-08-28 13:04:48.682,0 days 01:03:48.602000,63,82.40444444444802,0 days 00:01:04.102000,11150.0,267.0,7,82.0,False,1,car,3506.1827777777758,0.6480826858971422,OnTrack,5215.273168582298,-10578.846835354463,4084.9784346152064,,,,
481,2022-08-28 13:04:48.933,0 days 01:03:48.853000,63,83.65944476444794,0 days 00:01:04.353000,10979.0062064,266.2156248,7,67.0968712,False,1,pos,3524.746688607519,0.6515140384402974,OnTrack,5160.0,-10315.0,4066.0,,,,
482,2022-08-28 13:04:49.002,0 days 01:03:48.922000,63,84.00444444444793,0 days 00:01:04.422000,10932.0,266.0,7,63.0,False,1,car,3529.82722222222,0.652453124072591,OnTrack,5150.356308371441,-10269.454190636716,4062.789786658201,,,,
483,2022-08-28 13:04:49.242,0 days 01:03:49.162000,63,84.20444444444774,0 days 00:01:04.662000,10793.0,263.0,7,51.0,False,1,car,3547.360555555554,0.6556939847120923,OnTrack,5130.252367860914,-10177.694154847764,4056.4084913167917,,,,
484,2022-08-28 13:04:49.253,0 days 01:03:49.173000,63,84.20444444444774,0 days 00:01:04.673000,10775.89490048,262.61499776,7,49.73499264,False,1,pos,3548.15381935408,0.6558406115612208,OnTrack,5129.0,-10172.0,4056.0,,,,
485,2022-08-28 13:04:49.442,0 days 01:03:49.362000,63,84.20444444444774,0 days 00:01:04.862000,10482.0,256.0,7,28.0,True,1,car,3561.5827777777754,0.6583228197048433,OnTrack,5100.740986039884,-10043.270984853536,4046.6478337242334,,,,
486,2022-08-28 13:04:49.533,0 days 01:03:49.453000,63,84.43194460444779,0 days 00:01:04.953000,10230.0435728,250.8812464,7,23.4499968,True,1,pos,3567.8703268671234,0.6594850100297063,OnTrack,5086.0,-9977.0,4042.0,,,,
487,2022-08-28 13:04:49.602,0 days 01:03:49.522000,63,84.60444444444784,0 days 00:01:05.022000,10039.0,247.0,7,20.0,True,1,car,3572.560555555554,0.6603519517148734,OnTrack,5075.2975317997925,-9929.578718985273,4038.817840843555,,,,
488,2022-08-28 13:04:49.713,0 days 01:03:49.633000,63,84.82027790222554,0 days 00:01:05.133000,9812.6391552,242.6392832,7,20.7928576,True,1,pos,3579.972728764169,0.661722017517438,OnTrack,5059.0,-9857.0,4034.0,,,,
489,2022-08-28 13:04:49.882,0 days 01:03:49.802000,63,85.14888888889209,0 days 00:01:05.302000,9468.0,236.0,7,22.0,True,1,car,3590.91611111111,0.6637447918773929,OnTrack,5036.502121443394,-9750.429749127872,4026.300972656317,,,,
490,2022-08-28 13:04:50.013,0 days 01:03:49.933000,63,85.69472248889208,0 days 00:01:05.433000,9693.611221333333,229.81388586666668,7,22.363889066666665,True,1,pos,3599.0843466999595,0.665254608220401,OnTrack,5017.0,-9667.0,4020.0,,,,
491,2022-08-28 13:04:50.242,0 days 01:03:50.162000,63,86.64888888889209,0 days 00:01:05.662000,10088.0,219.0,7,23.0,True,1,car,3612.81611111111,0.6677927870107622,OnTrack,4971.809982790195,-9512.660735814434,4008.271178736875,,,,
492,2022-08-28 13:04:50.522,0 days 01:03:50.442000,63,88.43777777778087,0 days 00:01:05.942000,9619.0,208.0,6,24.0,True,1,car,3628.993888888887,0.6707830868150164,OnTrack,4897.730225228872,-9310.041255354858,3992.7502813024967,,,,
493,2022-08-28 13:04:50.762,0 days 01:03:50.682000,5,0.9233333333359042,0 days 00:01:06.182000,9416.0,203.0,6,35.0,True,1,car,3642.5272222222206,0.6732845876128064,OnTrack,4835.251160005739,-9162.019754575715,3981.0599373757714,,,,
494,2022-08-28 13:04:50.953,0 days 01:03:50.873000,5,3.470000853336031,0 days 00:01:06.373000,9293.0437088,200.6124992,6,35.5968752,True,1,pos,3653.1698081632617,0.675251762776998,OnTrack,4794.0,-9078.0,3974.0,,,,
495,2022-08-28 13:04:51.082,0 days 01:03:51.002000,5,5.190000000002783,0 days 00:01:06.502000,9210.0,199.0,6,36.0,False,1,car,3660.216111111109,0.6765542011350406,OnTrack,4770.387475517207,-9038.19310608732,3970.3568453963435,,,,
496,2022-08-28 13:04:51.293,0 days 01:03:51.213000,5,4.636391246223946,0 days 00:01:06.713000,9090.1136,194.204544,6,40.3159104,False,1,pos,3671.38731522347,0.6786190860611002,OnTrack,4727.0,-8982.0,3965.0,,,,
497,2022-08-28 13:04:51.522,0 days 01:03:51.442000,3,4.0355555555561295,0 days 00:01:06.942000,8960.0,189.0,6,45.0,False,1,car,3683.316111111109,0.6808240042209232,OnTrack,4649.439077023554,-8893.253191480373,3957.376219829471,,,,
498,2022-08-28 13:04:51.653,0 days 01:03:51.573000,3,5.345556195556055,0 days 00:01:07.073000,8902.687472,189.0,6,49.093752,False,1,pos,3690.194973683085,0.6820954929065156,OnTrack,4599.0,-8842.0,3953.0,,,,
499,2022-08-28 13:04:51.682,0 days 01:03:51.602000,3,5.635555555556039,0 days 00:01:07.102000,8890.0,189.0,6,50.0,False,1,car,3691.7161111111095,0.6823766598885169,OnTrack,4587.803902337526,-8831.47570580491,3952.0875710169166,,,,
500,2022-08-28 13:04:51.873,0 days 01:03:51.793000,3,7.4394450488895405,0 days 00:01:07.293000,8886.8166656,188.2041664,6,57.1625024,False,1,pos,3701.694134017928,0.684220997247761,OnTrack,4511.0,-8767.0,3946.0,,,,
501,2022-08-28 13:04:51.922,0 days 01:03:51.842000,3,7.9022222222229175,0 days 00:01:07.342000,8886.0,188.0,6,59.0,False,1,car,3704.2494444444424,0.6846933207258789,OnTrack,4488.896171323534,-8750.374532260961,3944.0910584545836,,,,
502,2022-08-28 13:04:52.073,0 days 01:03:51.993000,3,9.28638947555628,0 days 00:01:07.493000,9001.1375488,188.0,6,66.5500032,False,1,pos,3712.132954724613,0.686150508454098,OnTrack,4418.0,-8701.0,3938.0,,,,
503,2022-08-28 13:04:52.082,0 days 01:03:52.002000,3,9.368888888889614,0 days 00:01:07.502000,9008.0,188.0,6,67.0,False,1,car,3712.6049999999977,0.6862377612841202,OnTrack,4413.995873483851,-8698.388757070295,3937.6992274371946,,,,
504,2022-08-28 13:04:52.353,0 days 01:03:52.273000,3,11.025000391111504,0 days 00:01:07.773000,9168.664323657144,190.9035721142857,6,72.80714422857143,False,1,pos,3726.977826139869,0.68889443389905,OnTrack,4298.0,-8635.0,3931.0,,,,
505,2022-08-28 13:04:52.362,0 days 01:03:52.282000,3,11.080000000000382,0 days 00:01:07.782000,9174.0,191.0,6,73.0,False,1,car,3727.4605555555536,0.6889836615851423,OnTrack,4293.592188269866,-8633.090119682907,3930.7462011054477,,,,
506,2022-08-28 13:04:52.693,0 days 01:03:52.613000,3,12.826944782222688,0 days 00:01:08.113000,9368.92225991111,195.5972231111111,6,75.75833386666666,False,1,pos,3745.4603394785263,0.692310740933174,OnTrack,4097.0,-8571.0,3918.0,,,,
507,2022-08-28 13:04:52.722,0 days 01:03:52.642000,3,12.980000000000473,0 days 00:01:08.142000,9386.0,196.0,6,76.0,False,1,car,3747.0605555555535,0.6926065248095276,OnTrack,4077.3729687844225,-8567.364654766126,3916.5921894990283,,,,
508,2022-08-28 13:04:53.052,0 days 01:03:52.972000,3,14.813334044444876,0 days 00:01:08.472000,9531.20005632,200.95000192,6,81.77500224,False,1,pos,3765.5303459285933,0.6960204801311903,OnTrack,3859.0,-8546.0,3900.0,,,,
509,2022-08-28 13:04:53.122,0 days 01:03:53.042000,3,15.202222222222645,0 days 00:01:08.542000,9562.0,202.0,6,83.0,False,1,car,3769.5049999999983,0.6967551550324631,OnTrack,3827.6350598031963,-8543.585804541079,3897.607936190768,,,,
510,2022-08-28 13:04:53.443,0 days 01:03:53.363000,3,16.985555555555948,0 days 00:01:08.863000,9864.0,207.0,6,84.0,False,1,car,3787.9624999999983,0.7001668386020595,OnTrack,3710.9805547535902,-8537.518804479454,3889.3396595689373,,,,
511,2022-08-28 13:04:53.492,0 days 01:03:53.412000,3,17.31222179555596,0 days 00:01:08.912000,9882.238865066667,207.54444373333334,6,84.27222186666667,False,1,pos,3790.808311280048,0.700692858246449,OnTrack,3676.0,-8537.0,3887.0,,,,
512,2022-08-28 13:04:53.712,0 days 01:03:53.632000,3,18.77888846222268,0 days 00:01:09.132000,9964.127753955556,209.98888817777777,6,85.49444408888888,False,1,pos,3803.678742982186,0.7030718283329613,OnTrack,3466.0,-8537.0,3873.0,,,,
513,2022-08-28 13:04:53.803,0 days 01:03:53.723000,3,19.38555555555604,0 days 00:01:09.223000,9998.0,211.0,6,86.0,False,1,car,3809.062499999998,0.7040669617670865,OnTrack,3391.011341021235,-8540.049476485285,3867.8430377087034,,,,
514,2022-08-28 13:04:54.003,0 days 01:03:53.923000,3,20.774444444444725,0 days 00:01:09.423000,10163.0,215.0,6,87.0,False,1,car,3821.006944444443,0.7062747724055299,OnTrack,3269.3216033001904,-8552.545814253197,3859.0315999830564,,,,
515,2022-08-28 13:04:54.092,0 days 01:03:54.012000,3,21.46666700478057,0 days 00:01:09.512000,10316.371144095972,215.5597487010802,6,85.88050259783961,False,1,pos,3826.3309134944666,0.7072588546340552,OnTrack,3229.0,-8558.0,3856.0,,,,
516,2022-08-28 13:04:54.162,0 days 01:03:54.082000,3,22.011111111111404,0 days 00:01:09.582000,10437.0,216.0,6,85.0,False,1,car,3830.5469444444425,0.7080381456280113,OnTrack,3202.6857151557515,-8561.944905396971,3853.975260801002,,,,
517,2022-08-28 13:04:54.362,0 days 01:03:54.282000,3,23.455555555556202,0 days 00:01:09.782000,10661.0,221.0,6,89.0,False,1,car,3842.8247222222203,0.7103075695865972,OnTrack,3141.9004399372684,-8574.827888591823,3849.212314209954,,,,
518,2022-08-28 13:04:54.433,0 days 01:03:54.353000,3,24.007778275556237,0 days 00:01:09.853000,10679.0458496,222.1833344,6,88.4083328,False,1,pos,3847.237300142737,0.7111231903148101,OnTrack,3111.0,-8584.0,3847.0,,,,
519,2022-08-28 13:04:54.602,0 days 01:03:54.522000,3,25.32222222222299,0 days 00:01:10.022000,10722.0,225.0,6,87.0,False,1,car,3857.8247222222208,0.7130801689930146,OnTrack,3013.2369681377695,-8617.014212467959,3840.2915742917926,,,,
520,2022-08-28 13:04:54.633,0 days 01:03:54.553000,3,25.59777834666742,0 days 00:01:10.053000,10752.569507555556,225.25833386666667,6,87.08611128888889,False,1,pos,3859.776763054725,0.7134409841432483,OnTrack,2995.0,-8624.0,3839.0,,,,
521,2022-08-28 13:04:54.913,0 days 01:03:54.833000,3,28.086667235556167,0 days 00:01:10.333000,11028.680618666667,227.5916672,6,87.86388906666667,False,1,pos,3877.5152604438026,0.7167197672986942,OnTrack,2844.0,-8696.0,3828.0,,,,
522,2022-08-28 13:04:54.962,0 days 01:03:54.882000,3,28.52222222222281,0 days 00:01:10.382000,11077.0,228.0,6,88.0,False,1,car,3880.624722222221,0.7172945200907689,OnTrack,2817.3107494969086,-8710.877607352937,3826.3802800247367,,,,
523,2022-08-28 13:04:55.133,0 days 01:03:55.053000,3,30.042222791111797,0 days 00:01:10.553000,11018.371406628572,228.61071451428572,6,88.61071451428572,False,1,pos,3891.47608734744,0.7193002859911023,OnTrack,2723.0,-8768.0,3821.0,,,,
524,2022-08-28 13:04:55.242,0 days 01:03:55.162000,3,31.01111111111186,0 days 00:01:10.662000,10981.0,229.0,6,89.0,False,1,car,3898.435833333332,0.7205867251637221,OnTrack,2664.8477414284434,-8807.61904602249,3816.880874504216,,,,
525,2022-08-28 13:04:55.413,0 days 01:03:55.333000,3,32.43611164444506,0 days 00:01:10.833000,11023.750016,231.56500096,6,88.14499968,False,1,pos,3909.454646037369,0.7226234420678979,OnTrack,2577.0,-8874.0,3810.0,,,,
526,2022-08-28 13:04:55.442,0 days 01:03:55.362000,3,32.677777777778374,0 days 00:01:10.862000,11031.0,232.0,6,88.0,False,1,car,3911.3247222222203,0.7229691068759028,OnTrack,2562.4632390470115,-8885.66955044185,3808.9234903247143,,,,
527,2022-08-28 13:04:55.602,0 days 01:03:55.522000,3,34.01111111111186,0 days 00:01:11.022000,11031.0,232.0,6,88.0,False,1,car,3921.635833333332,0.7248750122456475,OnTrack,2484.2403869435975,-8952.270694597666,3803.3730780093015,,,,
528,2022-08-28 13:04:55.613,0 days 01:03:55.533000,3,34.06000028444519,0 days 00:01:11.033000,11004.6685968,232.0687504,6,88.0687504,False,1,pos,3922.346498950438,0.7250063716501909,OnTrack,2479.0,-8957.0,3803.0,,,,
529,2022-08-28 13:04:55.733,0 days 01:03:55.653000,3,34.59333361777849,0 days 00:01:11.153000,10717.4185968,232.8187504,6,88.8187504,False,1,pos,3930.121675372084,0.7264435349522873,OnTrack,2423.0,-9010.0,3799.0,,,,
530,2022-08-28 13:04:55.973,0 days 01:03:55.893000,3,35.6600002844451,0 days 00:01:11.393000,10142.9185968,234.3187504,6,90.3187504,False,1,pos,3945.7958294678742,0.7293407449750926,OnTrack,2317.0,-9125.0,3792.0,,,,
531,2022-08-28 13:04:56.082,0 days 01:03:56.002000,3,36.14444444444507,0 days 00:01:11.502000,9882.0,235.0,6,91.0,False,1,car,3952.9691666666645,0.7306666643390524,OnTrack,2271.3600055690004,-9180.162395542768,3789.152986453807,,,,
532,2022-08-28 13:04:56.213,0 days 01:03:56.133000,3,36.61750023111164,0 days 00:01:11.633000,9914.750016,236.45555626666666,6,90.63611093333333,False,1,pos,3961.6355479709973,0.7322685579163977,OnTrack,2219.0,-9249.0,3786.0,,,,
533,2022-08-28 13:04:56.433,0 days 01:03:56.353000,3,37.411944675555915,0 days 00:01:11.853000,9969.750016,238.90000071111112,6,90.02499982222223,False,1,pos,3976.269632439409,0.7349735215104363,OnTrack,2138.0,-9371.0,3781.0,,,,
534,2022-08-28 13:04:56.442,0 days 01:03:56.362000,3,37.4444444444448,0 days 00:01:11.862000,9972.0,239.0,7,90.0,False,1,car,3976.8691666666646,0.7350843393932772,OnTrack,2134.821268931112,-9376.07037219663,3780.7583270392915,,,,
535,2022-08-28 13:04:56.613,0 days 01:03:56.533000,3,37.77694456888946,0 days 00:01:12.033000,9914.71497856,239.85500032,7,89.14499968,False,1,pos,3988.2691838841074,0.7371915181246257,OnTrack,2077.0,-9473.0,3776.0,,,,
536,2022-08-28 13:04:56.642,0 days 01:03:56.562000,3,37.83333333333394,0 days 00:01:12.062000,9905.0,240.0,7,89.0,False,1,car,3990.202499999998,0.7375488721989815,OnTrack,2068.0148974674785,-9489.52939778912,3775.417545438284,,,,
537,2022-08-28 13:04:56.802,0 days 01:03:56.722000,3,37.96666666666715,0 days 00:01:12.222000,10094.0,240.0,7,91.0,False,1,car,4000.8691666666646,0.7395204984435448,OnTrack,2020.5093393192783,-9585.527522740627,3773.1803732832427,,,,
538,2022-08-28 13:04:56.813,0 days 01:03:56.733000,3,37.95444437333383,0 days 00:01:12.233000,10089.0041376,240.0458336,7,90.9083328,False,1,pos,4001.603296050391,0.7396561948897817,OnTrack,2017.0,-9593.0,3773.0,,,,
539,2022-08-28 13:04:57.042,0 days 01:03:56.962000,3,37.70000000000073,0 days 00:01:12.462000,9985.0,241.0,7,89.0,False,1,car,4016.9358333333316,0.7424902604744186,OnTrack,1938.1594388200442,-9768.613377516773,3768.0243392926354,,,,
540,2022-08-28 13:04:57.093,0 days 01:03:57.013000,3,37.68583331555627,0 days 00:01:12.513000,10034.0875616,241.4781256,7,89.0,False,1,pos,4020.37241325014,0.7431254777702484,OnTrack,1924.0,-9802.0,3767.0,,,,
541,2022-08-28 13:04:57.353,0 days 01:03:57.273000,3,37.61361109333399,0 days 00:01:12.773000,10284.3375616,243.9156256,7,89.0,False,1,pos,4038.0118114637335,0.7463859434380197,OnTrack,1877.0,-9928.0,3763.0,,,,
542,2022-08-28 13:04:57.362,0 days 01:03:57.282000,3,37.61111111111177,0 days 00:01:12.782000,10293.0,244.0,7,89.0,False,1,car,4038.62472222222,0.746499233838364,OnTrack,1875.3810106327496,-9932.816616281378,3762.8577124015137,,,,
543,2022-08-28 13:04:57.562,0 days 01:03:57.482000,3,37.722222222222626,0 days 00:01:12.982000,10311.0,246.0,7,88.0,False,1,car,4052.291388888887,0.7490253799642109,OnTrack,1834.1393781133563,-10060.298500505423,3759.3427028467504,,,,
544,2022-08-28 13:04:57.693,0 days 01:03:57.613000,3,37.83138894222274,0 days 00:01:13.113000,10345.153588114286,247.4035721142857,7,88.46785737142856,False,1,pos,4061.325512785823,0.7506952470678205,OnTrack,1806.0,-10150.0,3757.0,,,,
545,2022-08-28 13:04:57.842,0 days 01:03:57.762000,3,37.9555555555562,0 days 00:01:13.262000,10384.0,249.0,7,89.0,False,1,car,4071.658055555554,0.7526051138644964,OnTrack,1775.4593594397788,-10248.540155702176,3754.503915004406,,,,
546,2022-08-28 13:04:57.873,0 days 01:03:57.793000,3,37.99861120000068,0 days 00:01:13.293000,10392.5250176,249.1937504,7,89.1937504,False,1,pos,4073.810853987058,0.7530030370413847,OnTrack,1769.0,-10269.0,3754.0,,,,
547,2022-08-28 13:04:58.073,0 days 01:03:57.993000,3,38.27638897777868,0 days 00:01:13.493000,10447.5250176,250.4437504,7,90.4437504,False,1,pos,4087.732582921377,0.7555763288666909,OnTrack,1726.0,-10402.0,3751.0,,,,
548,2022-08-28 13:04:58.162,0 days 01:03:58.082000,3,38.400000000001,0 days 00:01:13.582000,10472.0,251.0,7,91.0,False,1,car,4093.9691666666645,0.7567290987593748,OnTrack,1707.3359324233288,-10461.146570755289,3750.044292546867,,,,
549,2022-08-28 13:04:58.273,0 days 01:03:58.193000,3,17.111883559113732,0 days 00:01:13.693000,10538.6000384,252.66500096,7,88.2249984,False,1,pos,4101.7924333344945,0.7581751510606728,OnTrack,1684.0,-10535.0,3749.0,,,,
550,2022-08-28 13:04:58.362,0 days 01:03:58.282000,23,0.04305555555947649,0 days 00:01:13.782000,10592.0,254.0,7,86.0,False,1,car,4108.080277777775,0.7593373959787451,OnTrack,1664.5059480626933,-10594.541671717303,3748.0502919342453,,,,
551,2022-08-28 13:04:58.473,0 days 01:03:58.393000,23,0.9988894400040732,0 days 00:01:13.893000,10538.482112,254.0,7,79.6571392,False,1,pos,4115.919661130739,0.7607864272874854,OnTrack,1640.0,-10669.0,3747.0,,,,
552,2022-08-28 13:04:58.642,0 days 01:03:58.562000,23,2.4541666666709716,0 days 00:01:14.062000,10457.0,254.0,7,70.0,False,1,car,4127.835833333331,0.7629890120858634,OnTrack,1604.169752626539,-10782.279811647295,3746.3169737113853,,,,
553,2022-08-28 13:04:58.713,0 days 01:03:58.633000,23,3.1444450666709356,0 days 00:01:14.133000,10480.0750208,253.64499968,7,71.7750016,False,1,pos,4132.828380207806,0.7639118342525755,OnTrack,1589.0,-10830.0,3746.0,,,,
554,2022-08-28 13:04:58.842,0 days 01:03:58.762000,23,4.398611111115315,0 days 00:01:14.262000,10522.0,253.0,7,75.0,False,1,car,4141.8913888888865,0.7655870404185433,OnTrack,1560.7765036534163,-10917.03382367856,3745.14451939374,,,,
555,2022-08-28 13:04:58.873,0 days 01:03:58.793000,23,3.865366954670736,0 days 00:01:14.293000,10520.60499712,253.0,7,73.13999616,False,1,pos,4144.071517131385,0.7659900152366143,OnTrack,1554.0,-10938.0,3745.0,,,,
556,2022-08-28 13:04:59.042,0 days 01:03:58.962000,14,0.9583333333366681,0 days 00:01:14.462000,10513.0,253.0,7,63.0,False,1,car,4155.946944444442,0.7681850687512233,OnTrack,1517.6485075348799,-11052.118380617627,3744.9573358312578,,,,
557,2022-08-28 13:04:59.113,0 days 01:03:59.033000,14,1.3714046933372939,0 days 00:01:14.533000,10495.4472064,252.4083328,7,63.7888896,False,1,pos,4160.904629300586,0.7691014470238465,OnTrack,1503.0,-11098.0,3745.0,,,,
558,2022-08-28 13:04:59.313,0 days 01:03:59.233000,14,2.534984940252637,0 days 00:01:14.733000,10446.002761955555,250.74166613333333,7,66.01111182222222,False,1,pos,4174.775303596974,0.7716653019118979,OnTrack,1460.0,-11231.0,3745.0,,,,
559,2022-08-28 13:04:59.402,0 days 01:03:59.322000,16,3.0527777777842857,0 days 00:01:14.822000,10424.0,250.0,7,67.0,False,1,car,4180.946944444442,0.7728060677619187,OnTrack,1432.8361556998511,-11315.4184788736,3745.450433506492,,,,
560,2022-08-28 13:04:59.513,0 days 01:03:59.433000,16,4.072847810375495,0 days 00:01:14.933000,10393.012482133334,250.0,7,70.23750186666666,False,1,pos,4188.655667892484,0.7742309478990039,OnTrack,1399.0,-11421.0,3746.0,,,,
561,2022-08-28 13:04:59.642,0 days 01:03:59.562000,14,5.25833333333685,0 days 00:01:15.062000,10357.0,250.0,7,74.0,False,1,car,4197.613611111108,0.7758867337690489,OnTrack,1373.3957551805056,-11501.534653663935,3745.816072587297,,,,
562,2022-08-28 13:04:59.712,0 days 01:03:59.632000,14,5.841667423087117,0 days 00:01:15.132000,10344.783917677252,249.80609393138494,7,72.06093931384945,False,1,pos,4202.465469355039,0.7767835510548583,OnTrack,1357.0,-11553.0,3746.0,,,,
563,2022-08-28 13:04:59.932,0 days 01:03:59.852000,14,7.674999781351643,0 days 00:01:15.352000,10306.39058629642,249.19667597295904,7,65.9667597295904,False,1,pos,4217.678378195448,0.7795955045229116,OnTrack,1281.0,-11790.0,3749.0,,,,
564,2022-08-28 13:05:00.003,0 days 01:03:59.923000,14,8.266666666670062,0 days 00:01:15.423000,10294.0,249.0,7,64.0,False,1,car,4222.582777777775,0.7805020335476311,OnTrack,1262.6481509322407,-11846.95155149696,3749.8426877454112,,,,
565,2022-08-28 13:05:00.163,0 days 01:04:00.083000,18,0.34972222222495475,0 days 00:01:15.583000,10154.0,247.0,7,64.0,True,1,car,4233.560555555552,0.7825311655576609,OnTrack,1240.0108347737296,-11916.459008750093,3751.0221455624023,,,,
566,2022-08-28 13:05:00.392,0 days 01:04:00.312000,18,3.5302768888913323,0 days 00:01:15.812000,9649.2459744,234.5958368,7,7.7041824000000005,True,1,pos,4248.463418968133,0.7852858102411036,OnTrack,1214.0,-11995.0,3752.0,,,,
567,2022-08-28 13:05:00.403,0 days 01:04:00.323000,18,3.683055555557985,0 days 00:01:15.823000,9625.0,234.0,7,5.0,True,1,car,4249.160555555552,0.7854146689403347,OnTrack,1212.154788279537,-12000.602278497176,3752.0466824564155,,,,
568,2022-08-28 13:05:00.592,0 days 01:04:00.512000,18,5.9930547733359125,0 days 00:01:16.012000,9084.325183085715,225.90000274285714,7,1.6250011428571431,True,1,pos,4260.919870813097,0.7875882603071976,OnTrack,1174.0,-12115.0,3753.0,,,,
569,2022-08-28 13:05:00.683,0 days 01:04:00.603000,18,7.1052777777804295,0 days 00:01:16.103000,8824.0,222.0,7,0.0,True,1,car,4266.427222222218,0.7886062389237217,OnTrack,1154.3844870417277,-12170.28696203565,3753.7928458718907,,,,
570,2022-08-28 13:05:00.813,0 days 01:04:00.733000,18,8.296944420862253,0 days 00:01:16.233000,8521.537694428329,214.16080417524824,7,0.0,True,1,pos,4274.108321506688,0.7900260130115053,OnTrack,1124.0,-12250.0,3755.0,,,,
571,2022-08-28 13:05:00.882,0 days 01:04:00.802000,18,8.929444444446744,0 days 00:01:16.302000,8361.0,210.0,7,0.0,True,1,car,4278.0355555555525,0.7907519227976882,OnTrack,1105.576141390745,-12295.155757256844,3755.444013983717,,,,
572,2022-08-28 13:05:01.053,0 days 01:04:00.973000,18,10.734445120002603,0 days 00:01:16.473000,8628.900100266666,197.1749952,7,0.0,True,1,pos,4287.231938857948,0.792451781923382,OnTrack,1059.0,-12402.0,3756.0,,,,
573,2022-08-28 13:05:01.122,0 days 01:04:01.042000,18,11.462777777780502,0 days 00:01:16.542000,8737.0,192.0,7,0.0,True,1,car,4290.835555555552,0.7931178742911641,OnTrack,1043.9041512703443,-12433.795565840599,3756.0462683837945,,,,
574,2022-08-28 13:05:01.353,0 days 01:04:01.273000,18,13.451944995558222,0 days 00:01:16.773000,9503.150212266666,184.29999786666667,7,3.8500010666666666,True,1,pos,4302.656082268078,0.7953027799809431,OnTrack,1002.0,-12509.0,3756.0,,,,
575,2022-08-28 13:05:01.362,0 days 01:04:01.282000,18,13.529444444447108,0 days 00:01:16.782000,9533.0,184.0,6,4.0,True,1,car,4303.102222222218,0.795385244472412,OnTrack,1000.1722132441865,-12512.042574180674,3756.020010188786,,,,
576,2022-08-28 13:05:01.593,0 days 01:04:01.513000,18,10.95297382321385,0 days 00:01:17.013000,9120.408219022222,174.37499733333334,6,4.641666844444444,True,1,pos,4314.113791036152,0.7974206224162279,OnTrack,944.0,-12598.0,3757.0,,,,
577,2022-08-28 13:05:01.722,0 days 01:04:01.642000,20,9.514166666671372,0 days 00:01:17.142000,8890.0,169.0,5,5.0,True,1,car,4320.002222222218,0.7985090398036421,OnTrack,901.5962994670969,-12650.777438182551,3757.467004689331,,,,
578,2022-08-28 13:05:01.913,0 days 01:04:01.833000,20,13.875713763051639,0 days 00:01:17.333000,8528.46416457143,162.17856914285716,5,7.728572342857143,True,1,pos,4328.4810984181695,0.8000762749441739,OnTrack,835.0,-12724.0,3758.0,,,,
579,2022-08-28 13:05:02.002,0 days 01:04:01.922000,14,15.908055555559258,0 days 00:01:17.422000,8360.0,159.0,5,9.0,True,1,car,4332.368888888885,0.8007948939809327,OnTrack,808.8776264346101,-12750.29704838869,3758.239814546811,,,,
580,2022-08-28 13:05:02.213,0 days 01:04:02.133000,14,7.399917558226118,0 days 00:01:17.633000,8294.06248,155.48333226666668,5,8.120833066666666,True,1,pos,4341.469525180569,0.8024770552329555,OnTrack,751.0,-12801.0,3759.0,,,,
581,2022-08-28 13:05:02.242,0 days 01:04:02.162000,31,6.2305555555594765,0 days 00:01:17.662000,8285.0,155.0,5,8.0,True,1,car,4342.702222222219,0.8027049069053537,OnTrack,741.9114172134982,-12808.22533476614,3759.1624349456183,,,,
582,2022-08-28 13:05:02.373,0 days 01:04:02.293000,31,9.614723875559378,0 days 00:01:17.793000,8081.9499008,152.270832,5,10.1833344,True,1,pos,4348.20829606698,0.803722649376932,OnTrack,698.0,-12841.0,3760.0,,,,
583,2022-08-28 13:05:02.482,0 days 01:04:02.402000,31,12.430555555559295,0 days 00:01:17.902000,7913.0,150.0,5,12.0,True,1,car,4352.702222222219,0.8045533065096319,OnTrack,660.826678750278,-12865.357356635886,3760.61381177504,,,,
584,2022-08-28 13:05:02.593,0 days 01:04:02.513000,31,13.770334737134737,0 days 00:01:18.013000,7860.527242472727,147.98181701818183,5,10.738635636363636,True,1,pos,4357.189264263646,0.8053826911830071,OnTrack,622.0,-12887.0,3761.0,,,,
585,2022-08-28 13:05:02.793,0 days 01:04:02.713000,31,16.184349888649322,0 days 00:01:18.213000,7765.981787927272,144.34545338181817,5,8.465908363636363,True,1,pos,4365.063338446515,0.8068381347433745,OnTrack,549.0,-12918.0,3761.0,,,,
586,2022-08-28 13:05:02.922,0 days 01:04:02.842000,14,17.74138888889138,0 days 00:01:18.342000,7705.0,142.0,5,7.0,False,1,car,4370.057777777774,0.8077613067117236,OnTrack,503.8299485414992,-12933.10902875169,3761.287587449843,,,,
587,2022-08-28 13:05:03.093,0 days 01:04:03.013000,14,18.31138910222468,0 days 00:01:18.513000,7553.2374432,139.328124,5,8.6031256,False,1,pos,4376.595374557111,0.8089697158417094,OnTrack,435.0,-12947.0,3762.0,,,,
588,2022-08-28 13:05:03.242,0 days 01:04:03.162000,14,18.808055555557985,0 days 00:01:18.662000,7421.0,137.0,5,10.0,False,1,car,4382.235555555552,0.8100122466742669,OnTrack,352.67457729518304,-12952.978406217213,3762.666141329836,,,,
589,2022-08-28 13:05:03.353,0 days 01:04:03.273000,14,12.598796767114049,0 days 00:01:18.773000,7333.2405744,136.3062496,5,11.3875008,False,1,pos,4386.414321469618,0.8107846496004596,OnTrack,297.0,-12955.0,3763.0,,,,
590,2022-08-28 13:05:03.562,0 days 01:04:03.482000,24,0.9075000000038926,0 days 00:01:18.982000,7168.0,135.0,5,14.0,False,1,car,4394.235555555552,0.8122303261994006,OnTrack,240.25873677397283,-12955.48336381826,3762.9133177225635,,,,
591,2022-08-28 13:05:03.753,0 days 01:04:03.673000,24,4.961514255243794,0 days 00:01:19.173000,8085.482450285715,134.31785691428573,5,34.46429257142857,False,1,pos,4401.343455829917,0.8135441502048391,OnTrack,185.0,-12946.0,3763.0,,,,
592,2022-08-28 13:05:03.842,0 days 01:04:03.762000,4,6.850555555562096,0 days 00:01:19.262000,8513.0,134.0,4,44.0,False,1,car,4404.657777777775,0.8141567693425262,OnTrack,140.64318803545578,-12936.505357366961,3763.389352116787,,,,
593,2022-08-28 13:05:03.953,0 days 01:04:03.873000,4,8.484723164450928,0 days 00:01:19.373000,8510.2249984,134.55500032,4,45.11000064,False,1,pos,4408.801901037762,0.8149227689219102,OnTrack,84.0,-12923.0,3764.0,,,,
594,2022-08-28 13:05:04.042,0 days 01:04:03.962000,4,9.79500000000644,0 days 00:01:19.462000,8508.0,135.0,4,46.0,False,1,car,4412.157777777775,0.8155430690457348,OnTrack,52.29838361369202,-12913.605378834593,3764.40991616216,,,,
595,2022-08-28 13:05:04.273,0 days 01:04:04.193000,4,12.425834062228645,0 days 00:01:19.693000,8805.000082285715,139.12500114285714,4,55.90000274285714,False,1,pos,4421.098907107516,0.8171957470372243,OnTrack,0.0,-12889.0,3765.0,,,,
596,2022-08-28 13:05:04.322,0 days 01:04:04.242000,4,12.983888888895308,0 days 00:01:19.742000,8868.0,140.0,4,58.0,False,1,car,4423.046666666663,0.8175557708370599,OnTrack,-14.040697165750437,-12881.798161391127,3764.99544438922,,,,
597,2022-08-28 13:05:04.513,0 days 01:04:04.433000,4,13.77972248889542,0 days 00:01:19.933000,9029.248130953845,143.67307815384615,4,62.04038596923077,False,1,pos,4430.824259404784,0.8189933807709979,OnTrack,-84.0,-12845.0,3765.0,,,,
598,2022-08-28 13:05:04.693,0 days 01:04:04.613000,4,14.529722488895525,0 days 00:01:20.113000,9181.209669415384,147.13461661538463,4,65.84807827692308,False,1,pos,4438.387507541763,0.820391371257343,OnTrack,-168.0,-12799.0,3766.0,,,,
599,2022-08-28 13:05:04.842,0 days 01:04:04.762000,4,15.150555555562278,0 days 00:01:20.262000,9307.0,150.0,4,69.0,False,1,car,4444.7133333333295,0.8215606366463292,OnTrack,-219.57507080847427,-12771.62655427625,3766.0230489355445,,,,
600,2022-08-28 13:05:04.873,0 days 01:04:04.793000,4,15.193611200006801,0 days 00:01:20.293000,9381.7876544,150.7750016,4,67.4499968,False,1,pos,4446.035539180936,0.8218050331228781,OnTrack,-234.0,-12765.0,3766.0,,,,
601,2022-08-28 13:05:05.002,0 days 01:04:04.922000,4,15.372777777784904,0 days 00:01:20.422000,9693.0,154.0,4,61.0,False,1,car,4451.5577777777735,0.8228257634865906,OnTrack,-318.50313502897535,-12729.648974952976,3765.978956948154,,,,
602,2022-08-28 13:05:05.093,0 days 01:04:05.013000,4,15.372777777784904,0 days 00:01:20.513000,9531.98044231111,154.0,4,53.16388337777778,False,1,pos,4455.468410073003,0.8235486046052882,OnTrack,-376.0,-12707.0,3766.0,,,,
603,2022-08-28 13:05:05.362,0 days 01:04:05.282000,4,15.372777777784904,0 days 00:01:20.782000,9056.0,154.0,4,30.0,True,1,car,4466.957777777773,0.825672298877179,OnTrack,-449.194728777486,-12684.072639058359,3766.072445472421,,,,
604,2022-08-28 13:05:05.473,0 days 01:04:05.393000,4,8.283291051264307,0 days 00:01:20.893000,9107.800029866667,151.2249984,4,30.462500266666666,True,1,pos,4471.560357091293,0.8265230394553558,OnTrack,-474.0,-12680.0,3766.0,,,,
605,2022-08-28 13:05:05.602,0 days 01:04:05.522000,47,0.04416666666929814,0 days 00:01:21.022000,9168.0,148.0,4,31.0,True,1,car,4476.82444444444,0.8274960531534001,OnTrack,-515.2232933352241,-12673.085260730928,3765.7931543160075,,,,
606,2022-08-28 13:05:05.793,0 days 01:04:05.713000,47,0.46861125333586834,0 days 00:01:21.213000,8945.48492544,145.13499904,4,29.08999936,True,1,pos,4484.519413042788,0.828918390844612,OnTrack,-602.0,-12666.0,3765.0,,,,
607,2022-08-28 13:05:05.802,0 days 01:04:05.722000,47,0.4886111111136415,0 days 00:01:21.222000,8935.0,145.0,4,29.0,True,1,car,4484.879999999995,0.828985041723513,OnTrack,-606.8966247604685,-12666.050621701543,3764.9387190900497,,,,
608,2022-08-28 13:05:06.042,0 days 01:04:05.962000,47,0.6886111111134596,0 days 00:01:21.462000,8418.0,143.0,4,17.0,True,1,car,4494.413333333328,0.8307471826795916,OnTrack,-741.8877567217006,-12676.51397745912,3763.043468860509,,,,
609,2022-08-28 13:05:06.053,0 days 01:04:05.973000,47,0.7038889704650187,0 days 00:01:21.473000,8422.855387520613,142.86284216043467,4,17.493768222435165,True,1,pos,4494.843569169778,0.8308267074545754,OnTrack,-746.0,-12677.0,3763.0,,,,
610,2022-08-28 13:05:06.273,0 days 01:04:06.193000,47,1.0094443797192754,0 days 00:01:21.693000,8519.9625729456,140.1197013292203,4,27.369075214806877,True,1,pos,4503.303450309518,0.8323904315496687,OnTrack,-791.0,-12686.0,3763.0,,,,
611,2022-08-28 13:05:06.443,0 days 01:04:06.363000,47,1.2455555555570754,0 days 00:01:21.863000,8595.0,138.0,4,35.0,False,1,car,4509.784999999995,0.8335884809379679,OnTrack,-847.0990010799053,-12701.294733744142,3762.7511541017657,,,,
612,2022-08-28 13:05:06.603,0 days 01:04:06.523000,47,1.2900000000017826,0 days 00:01:22.023000,8610.0,138.0,4,43.0,False,1,car,4515.9183333333285,0.8347221660285918,OnTrack,-912.9770417792448,-12721.907535757651,3762.140060568498,,,,
613,2022-08-28 13:05:06.632,0 days 01:04:06.552000,47,1.2900000000017826,0 days 00:01:22.052000,8647.156168,138.1812496,4,45.1749952,False,1,pos,4517.032570075889,0.8349281215039939,OnTrack,-924.0,-12726.0,3762.0,,,,
614,2022-08-28 13:05:06.763,0 days 01:04:06.683000,47,1.2900000000017826,0 days 00:01:22.183000,8815.0,139.0,4,55.0,False,1,car,4522.096111111106,0.8358640662285681,OnTrack,-970.3366526058542,-12745.858644281787,3761.2683939402073,,,,
615,2022-08-28 13:05:06.852,0 days 01:04:06.772000,47,1.1169445688907613,0 days 00:01:22.272000,8875.0749568,140.33499904,4,56.55749888,False,1,pos,4525.604155305663,0.836512492978669,OnTrack,-1001.0,-12761.0,3761.0,,,,
616,2022-08-28 13:05:06.912,0 days 01:04:06.832000,47,1.0002779022241555,0 days 00:01:22.332000,8915.5749568,141.23499904,4,57.60749888,False,1,pos,4528.00285274011,0.8369558681175306,OnTrack,-1022.0,-12772.0,3761.0,,,,
617,2022-08-28 13:05:07.163,0 days 01:04:07.083000,47,0.512222222224409,0 days 00:01:22.583000,9085.0,145.0,4,62.0,False,1,car,4538.207222222217,0.838842043368794,OnTrack,-1106.5004290625614,-12822.346477827043,3760.1715236177874,,,,
618,2022-08-28 13:05:07.192,0 days 01:04:07.112000,47,2.4526401621363485,0 days 00:01:22.612000,9141.83987456,145.43499904,4,62.86999808,False,1,pos,4539.3924748714935,0.8390611254215832,OnTrack,-1117.0,-12830.0,3760.0,,,,
619,2022-08-28 13:05:07.363,0 days 01:04:07.283000,4,13.894444444452347,0 days 00:01:22.783000,9477.0,148.0,4,68.0,False,1,car,4546.4294444444395,0.8403618385989784,OnTrack,-1184.1885075209304,-12885.602218778358,3758.7317188248703,,,,
620,2022-08-28 13:05:07.493,0 days 01:04:07.413000,4,13.750000002866726,0 days 00:01:22.913000,9598.507535283652,150.61306527491726,4,68.65326631872931,False,1,pos,4551.89441162203,0.8413719829158235,OnTrack,-1231.0,-12928.0,3758.0,,,,
621,2022-08-28 13:05:07.562,0 days 01:04:07.482000,4,13.673333333341361,0 days 00:01:22.982000,9663.0,152.0,4,69.0,False,1,car,4554.8316666666615,0.8419149050220396,OnTrack,-1251.4429301043335,-12947.20530276489,3757.8416223125505,,,,
622,2022-08-28 13:05:07.762,0 days 01:04:07.682000,4,13.506666666674391,0 days 00:01:23.182000,9926.0,156.0,4,72.0,False,1,car,4563.498333333328,0.8435168513457474,OnTrack,-1297.0100667359834,-12994.171749709858,3758.1290316428262,,,,
623,2022-08-28 13:05:07.893,0 days 01:04:07.813000,4,13.324722133341059,0 days 00:01:23.313000,10088.294523733333,159.2750016,4,73.0916672,False,1,pos,4569.377977357772,0.8446036445145552,OnTrack,-1337.0,-13043.0,3758.0,,,,
624,2022-08-28 13:05:08.093,0 days 01:04:08.013000,4,13.04694435556328,0 days 00:01:23.513000,10336.07230151111,164.2750016,4,74.75833386666666,False,1,pos,4578.637091921588,0.8463150988841277,OnTrack,-1415.0,-13145.0,3757.0,,,,
625,2022-08-28 13:05:08.122,0 days 01:04:08.042000,4,13.006666666674391,0 days 00:01:23.542000,10372.0,165.0,4,75.0,False,1,car,4579.998333333328,0.8465667106928064,OnTrack,-1423.2410620250434,-13156.118373427742,3756.8745158430866,,,,
626,2022-08-28 13:05:08.373,0 days 01:04:08.293000,4,12.169999786674337,0 days 00:01:23.793000,10542.321472,171.2750016,4,76.7928576,False,1,pos,4591.970368214811,0.8487796211465402,OnTrack,-1463.0,-13214.0,3756.0,,,,
627,2022-08-28 13:05:08.402,0 days 01:04:08.322000,4,12.073333333340997,0 days 00:01:23.822000,10562.0,172.0,4,77.0,False,1,car,4593.376111111106,0.849039458607863,OnTrack,-1468.1029477085408,-13221.694821888354,3755.841633756317,,,,
628,2022-08-28 13:05:08.713,0 days 01:04:08.633000,4,9.481666133341232,0 days 00:01:24.133000,10170.139919360001,177.44250112,4,79.33250048,False,1,pos,4608.7538209791965,0.8518818738913513,OnTrack,-1551.0,-13355.0,3753.0,,,,
629,2022-08-28 13:05:08.802,0 days 01:04:08.722000,4,8.740000000007967,0 days 00:01:24.222000,10058.0,179.0,5,80.0,False,1,car,4613.264999999995,0.8527157200430384,OnTrack,-1587.1081624891285,-13420.665154364777,3751.763662284325,,,,
630,2022-08-28 13:05:08.933,0 days 01:04:08.853000,4,7.248054826674218,0 days 00:01:24.353000,10115.546456685714,182.2750016,5,80.0,False,1,pos,4619.998540214514,0.8539603473498292,OnTrack,-1638.0,-13516.0,3750.0,,,,
631,2022-08-28 13:05:09.082,0 days 01:04:09.002000,4,5.551111111118189,0 days 00:01:24.502000,10181.0,186.0,5,80.0,False,1,car,4627.731666666662,0.8553897381372276,OnTrack,-1667.2614676058463,-13571.648254554035,3748.8732756142945,,,,
632,2022-08-28 13:05:09.313,0 days 01:04:09.233000,4,2.7919436800067112,0 days 00:01:24.733000,10356.725048685714,187.65000045714285,5,79.17499977142857,False,1,pos,4639.763860147013,0.8576137683039957,OnTrack,-1694.0,-13628.0,3747.0,,,,
633,2022-08-28 13:05:09.362,0 days 01:04:09.282000,4,2.2066666666733,0 days 00:01:24.782000,10394.0,188.0,5,79.0,False,1,car,4642.353888888884,0.85809250911415,OnTrack,-1705.8986536064208,-13653.115432245766,3746.1525459319355,,,,
634,2022-08-28 13:05:09.553,0 days 01:04:09.473000,4,7.520513933339182,0 days 00:01:24.973000,10168.9780496,192.1781264,5,76.015624,False,1,pos,4652.626506995366,0.8599912994384421,OnTrack,-1767.0,-13782.0,3742.0,,,,
635,2022-08-28 13:05:09.682,0 days 01:04:09.602000,24,11.109444444449764,0 days 00:01:25.102000,10017.0,195.0,5,74.0,False,1,car,4659.687222222218,0.8612964017615656,OnTrack,-1808.5616236030182,-13869.720010920137,3739.677821633808,,,,
636,2022-08-28 13:05:09.882,0 days 01:04:09.802000,24,8.776111111116734,0 days 00:01:25.302000,9616.0,200.0,6,74.0,False,1,car,4670.7983333333295,0.8633501790996525,OnTrack,-1868.5657379048375,-13995.869989038518,3736.9044449443345,,,,
637,2022-08-28 13:05:09.953,0 days 01:04:09.873000,24,7.750554631116805,0 days 00:01:25.373000,9531.50992384,201.06500096,6,58.379985919999996,False,1,pos,4674.806453833114,0.8640910399342225,OnTrack,-1887.0,-14034.0,3736.0,,,,
638,2022-08-28 13:05:10.082,0 days 01:04:10.002000,24,5.887222222228047,0 days 00:01:25.502000,9378.0,203.0,6,30.0,True,1,car,4682.076111111107,0.8654347630978106,OnTrack,-1916.349034051138,-14093.637736949806,3734.433296408966,,,,
639,2022-08-28 13:05:10.322,0 days 01:04:10.242000,24,2.820555555561441,0 days 00:01:25.742000,9166.0,194.0,6,9.0,True,1,car,4695.00944444444,0.8678253599193437,OnTrack,-1960.1522847975746,-14178.736086664296,3731.8765631553397,,,,
640,2022-08-28 13:05:10.433,0 days 01:04:10.353000,24,1.8338883200061096,0 days 00:01:25.853000,8834.66480896,188.4499968,6,5.11499776,True,1,pos,4700.722863517453,0.8688814280747069,OnTrack,-1981.0,-14218.0,3731.0,,,,
641,2022-08-28 13:05:10.522,0 days 01:04:10.442000,24,1.0427777777840674,0 days 00:01:25.942000,8569.0,184.0,6,2.0,True,1,car,4705.231666666662,0.8697148350703836,OnTrack,-1998.5205713760035,-14250.57096679105,3730.451831697321,,,,
642,2022-08-28 13:05:10.722,0 days 01:04:10.642000,31,11.565555555558603,0 days 00:01:26.142000,8009.0,179.0,6,1.0,True,1,car,4715.176111111106,0.8715529657879713,OnTrack,-2041.4332875743632,-14327.590203095213,3729.1191825030105,,,,
643,2022-08-28 13:05:10.733,0 days 01:04:10.653000,31,11.623611448891925,0 days 00:01:26.153000,8038.6085056,178.4499968,6,0.9541664,True,1,pos,4715.703418271602,0.8716504332226507,OnTrack,-2044.0,-14332.0,3729.0,,,,
644,2022-08-28 13:05:10.933,0 days 01:04:10.853000,31,12.67916700444728,0 days 00:01:26.353000,8576.941838933333,168.4499968,6,0.1208330666666666,True,1,pos,4724.965301372212,0.8733623993284545,OnTrack,-2093.0,-14414.0,3726.0,,,,
645,2022-08-28 13:05:10.962,0 days 01:04:10.882000,31,12.832222222225028,0 days 00:01:26.382000,8655.0,167.0,6,0.0,True,1,car,4726.3094444444405,0.8736108506807345,OnTrack,-2099.893220252967,-14425.67329412964,3725.476359798957,,,,
646,2022-08-28 13:05:11.093,0 days 01:04:11.013000,31,13.523611448891314,0 days 00:01:26.513000,8455.2249024,167.0,6,0.8187504,True,1,pos,4732.417944208171,0.8747399455353358,OnTrack,-2131.0,-14478.0,3723.0,,,,
647,2022-08-28 13:05:11.122,0 days 01:04:11.042000,31,13.676666666669007,0 days 00:01:26.542000,8411.0,167.0,6,1.0,True,1,car,4733.731666666663,0.8749827739425766,OnTrack,-2138.4455381809244,-14489.873228718598,3722.474854657444,,,,
648,2022-08-28 13:05:11.362,0 days 01:04:11.282000,24,1.4205555555608953,0 days 00:01:26.782000,8822.0,151.0,5,5.0,True,1,car,4743.7983333333295,0.8768434962108833,OnTrack,-2207.4541309014653,-14590.669319787257,3718.5799975504187,,,,
649,2022-08-28 13:05:11.473,0 days 01:04:11.393000,24,3.116389866672063,0 days 00:01:26.893000,8760.67246464,146.28249728,5,4.4449996800000005,True,1,pos,4748.096005155388,0.8776378777004044,OnTrack,-2236.0,-14629.0,3717.0,,,,
650,2022-08-28 13:05:11.762,0 days 01:04:11.682000,24,7.5316666666722085,0 days 00:01:27.182000,8601.0,134.0,4,3.0,True,1,car,4758.687222222218,0.8795955578439196,OnTrack,-2293.4198076574,-14694.523285274096,3713.322529920585,,,,
651,2022-08-28 13:05:11.853,0 days 01:04:11.773000,24,9.14944558222781,0 days 00:01:27.273000,8691.54506368,132.63499904,4,3.0,True,1,pos,4762.023000880484,0.8802121430391094,OnTrack,-2317.0,-14716.0,3712.0,,,,
652,2022-08-28 13:05:11.962,0 days 01:04:11.882000,24,11.087222222227865,0 days 00:01:27.382000,8800.0,131.0,3,3.0,True,1,car,4765.9649999999965,0.8809407820003666,OnTrack,-2352.4414520080995,-14746.178590285119,3710.207867971638,,,,
653,2022-08-28 13:05:12.093,0 days 01:04:12.013000,24,4.807861515560984,0 days 00:01:27.513000,8714.031208,126.0874976,3,1.3624992,True,1,pos,4770.523384481917,0.8817833536076195,OnTrack,-2399.0,-14783.0,3708.0,,,,
654,2022-08-28 13:05:12.122,0 days 01:04:12.042000,4,3.417777777783158,0 days 00:01:27.542000,8695.0,125.0,3,1.0,False,1,car,4771.520555555552,0.8819676706694101,OnTrack,-2408.783265016309,-14790.218221277717,3707.545762249001,,,,
655,2022-08-28 13:05:12.522,0 days 01:04:12.442000,47,0.6372222222216806,0 days 00:01:27.942000,8375.0,122.0,3,8.0,False,1,car,4785.076111111108,0.8844732790218761,OnTrack,-2523.9794532206183,-14854.918020230685,3702.5719288597193,,,,
656,2022-08-28 13:05:12.842,0 days 01:04:12.762000,6,2.9658333333318296,0 days 00:01:28.262000,8593.0,118.0,3,12.0,False,1,car,4795.564999999997,0.8864120448290301,OnTrack,-2608.0536754613827,-14875.341653907726,3699.618725847572,,,,
657,2022-08-28 13:05:12.913,0 days 01:04:12.833000,6,3.4391670933318026,0 days 00:01:28.333000,8527.3249408,117.1124992,3,23.093760000000003,False,1,pos,4797.853141543948,0.8868349848214672,OnTrack,-2628.0,-14878.0,3699.0,,,,
658,2022-08-28 13:05:13.002,0 days 01:04:12.922000,6,4.032499999998436,0 days 00:01:28.422000,8445.0,116.0,3,37.0,False,1,car,4800.720555555552,0.8873649975139023,OnTrack,-2653.6660029101085,-14880.371456465227,3698.2431465167674,,,,
659,2022-08-28 13:05:13.112,0 days 01:04:13.032000,6,4.429722473177837,0 days 00:01:28.532000,8539.459893472855,116.6094186675668,3,40.04709333783401,False,1,pos,4804.297398802142,0.8880261410780586,OnTrack,-2692.0,-14881.0,3697.0,,,,
660,2022-08-28 13:05:13.363,0 days 01:04:13.283000,6,5.336111111109858,0 days 00:01:28.783000,8755.0,118.0,3,47.0,False,1,car,4812.55333333333,0.8895521676900979,OnTrack,-2816.296204639439,-14871.389309771337,3692.140631024291,,,,
661,2022-08-28 13:05:13.372,0 days 01:04:13.292000,6,5.358610951109889,0 days 00:01:28.792000,8763.6061888,118.1124992,3,47.1124992,False,1,pos,4812.850056031353,0.8896070139018588,OnTrack,-2820.0,-14871.0,3692.0,,,,
662,2022-08-28 13:05:13.523,0 days 01:04:13.443000,6,5.736111111110404,0 days 00:01:28.943000,8908.0,120.0,3,49.0,False,1,car,4817.886666666663,0.8905379808123796,OnTrack,-2866.4875849736704,-14865.118954294645,3690.3846314160983,,,,
663,2022-08-28 13:05:13.792,0 days 01:04:13.712000,6,5.511944497776837,0 days 00:01:29.212000,9551.678418285714,130.56785462857144,3,58.60714057142857,False,1,pos,4827.661631869491,0.8923447849936538,OnTrack,-2923.0,-14851.0,3688.0,,,,
664,2022-08-28 13:05:13.803,0 days 01:04:13.723000,6,5.502777777776828,0 days 00:01:29.223000,9578.0,131.0,3,59.0,False,1,car,4828.075555555552,0.8924212946314052,OnTrack,-2926.43954821402,-14850.06026996546,3687.798395409259,,,,
665,2022-08-28 13:05:13.892,0 days 01:04:13.812000,6,5.131944548923468,0 days 00:01:29.312000,9732.077405336815,132.8246008526728,3,61.635534564971834,False,1,pos,4831.45325274947,0.8930456280470662,OnTrack,-2958.0,-14841.0,3686.0,,,,
666,2022-08-28 13:05:14.233,0 days 01:04:14.153000,6,3.711110860844534,0 days 00:01:29.653000,10322.419238379256,139.815490980807,3,71.73348697227676,False,1,pos,4844.790327855828,0.895510852481948,OnTrack,-3114.0,-14781.0,3682.0,,,,
667,2022-08-28 13:05:14.242,0 days 01:04:14.162000,6,3.6736111111104037,0 days 00:01:29.662000,10338.0,140.0,3,72.0,False,1,car,4845.147777777774,0.8955769235113756,OnTrack,-3117.1964688585663,-14779.616035201645,3681.917123547772,,,,
668,2022-08-28 13:05:14.402,0 days 01:04:14.322000,6,2.695833333333212,0 days 00:01:29.822000,9989.0,144.0,3,60.0,False,1,car,4851.547777777773,0.8967598992581136,OnTrack,-3159.8405010327633,-14759.573142978541,3680.460705184247,,,,
669,2022-08-28 13:05:14.633,0 days 01:04:14.553000,6,1.0916662222221842,0 days 00:01:30.053000,9211.849784685714,146.4750006857143,3,49.27499702857143,False,1,pos,4860.970754966408,0.8985016419887731,OnTrack,-3221.0,-14724.0,3678.0,,,,
670,2022-08-28 13:05:14.682,0 days 01:04:14.602000,6,0.7513888888888687,0 days 00:01:30.102000,9047.0,147.0,3,47.0,False,1,car,4862.981111111107,0.898873236139005,OnTrack,-3242.6468965247723,-14711.378009192418,3677.346531741901,,,,
671,2022-08-28 13:05:14.853,0 days 01:04:14.773000,6,7.8142097141037565,0 days 00:01:30.273000,9071.872736581818,147.3886365090909,3,40.78181585454546,False,1,pos,4870.0046267375,0.9001714624894518,OnTrack,-3327.0,-14662.0,3675.0,,,,
672,2022-08-28 13:05:15.122,0 days 01:04:15.042000,23,18.92472222222932,0 days 00:01:30.542000,9111.0,148.0,4,31.0,False,1,car,4881.069999999995,0.9022167856454104,OnTrack,-3396.8458039622064,-14618.999840944765,3672.820771413594,,,,
673,2022-08-28 13:05:15.233,0 days 01:04:15.153000,23,18.98638892445191,0 days 00:01:30.653000,9027.0562016,148.0,4,27.531248,False,1,pos,4885.637032990248,0.9030609558426015,OnTrack,-3423.0,-14602.0,3672.0,,,,
674,2022-08-28 13:05:15.282,0 days 01:04:15.202000,23,19.013611111118735,0 days 00:01:30.702000,8990.0,148.0,4,26.0,False,1,car,4887.647777777773,0.9034326218295577,OnTrack,-3436.527542351855,-14593.181207244525,3671.5956736135977,,,,
675,2022-08-28 13:05:15.442,0 days 01:04:15.362000,23,19.146944444452856,0 days 00:01:30.862000,8858.0,147.0,4,18.0,False,1,car,4894.181111111106,0.9046402429043527,OnTrack,-3488.7518013167,-14558.836415008787,3670.012937227649,,,,
676,2022-08-28 13:05:15.513,0 days 01:04:15.433000,23,19.403333564452893,0 days 00:01:30.933000,8889.6541952,146.7041664,4,12.674995200000001,False,1,pos,4897.070973851482,0.9051744050189257,OnTrack,-3515.0,-14541.0,3669.0,,,,
677,2022-08-28 13:05:15.682,0 days 01:04:15.602000,23,20.013611111119644,0 days 00:01:31.102000,8965.0,146.0,4,0.0,False,1,car,4903.914444444439,0.9064393518525169,OnTrack,-3581.1091863946976,-14494.73676894643,3666.1246619382264,,,,
678,2022-08-28 13:05:15.693,0 days 01:04:15.613000,23,20.08694487111964,0 days 00:01:31.113000,8957.9187088,145.8624992,4,0.0,False,1,pos,4904.356867837205,0.9065211293749281,OnTrack,-3585.0,-14492.0,3666.0,,,,
679,2022-08-28 13:05:15.842,0 days 01:04:15.762000,23,21.08027777778625,0 days 00:01:31.262000,8862.0,144.0,4,0.0,False,1,car,4910.314444444439,0.9076223275992549,OnTrack,-3632.0767130641902,-14458.715440311935,3665.3188604200877,,,,
680,2022-08-28 13:05:15.893,0 days 01:04:15.813000,23,21.67527852445281,0 days 00:01:31.313000,8825.0249536,143.6812496,4,0.0,False,1,pos,4912.341496102541,0.9079970077475238,OnTrack,-3652.0,-14444.0,3665.0,,,,
681,2022-08-28 13:05:16.113,0 days 01:04:16.033000,23,24.24194519111902,0 days 00:01:31.533000,8665.5249536,142.3062496,4,0.0,False,1,pos,4921.01902460376,0.9096009617723004,OnTrack,-3765.0,-14357.0,3662.0,,,,
682,2022-08-28 13:05:16.162,0 days 01:04:16.082000,23,24.813611111118917,0 days 00:01:31.582000,8630.0,142.0,4,0.0,False,1,car,4922.936666666661,0.9099554186553216,OnTrack,-3785.2773177982563,-14340.877243270825,3661.408111193322,,,,
683,2022-08-28 13:05:16.553,0 days 01:04:16.473000,23,24.852859223604487,0 days 00:01:31.973000,8459.381790254545,139.33409047272727,4,0.0,False,1,pos,4938.050783420803,0.9127491113980585,OnTrack,-3870.0,-14266.0,3659.0,,,,
684,2022-08-28 13:05:16.602,0 days 01:04:16.522000,4,24.857777777786396,0 days 00:01:32.022000,8438.0,139.0,4,0.0,False,1,car,4939.92555555555,0.9130956442052565,OnTrack,-3879.687506181429,-14256.810681112936,3658.831443070349,,,,
685,2022-08-28 13:05:16.842,0 days 01:04:16.762000,4,24.924444444453002,0 days 00:01:32.262000,8350.0,137.0,4,0.0,False,1,car,4949.058888888883,0.9147838491771638,OnTrack,-3933.2669171866823,-14204.756804756937,3658.051766583486,,,,
686,2022-08-28 13:05:16.853,0 days 01:04:16.773000,4,23.55825177351928,0 days 00:01:32.273000,8346.9749824,136.94499968,4,0.0,False,1,pos,4949.476173859132,0.9148609801145517,OnTrack,-3936.0,-14202.0,3658.0,,,,
687,2022-08-28 13:05:17.033,0 days 01:04:16.953000,4,1.2025017735129246,0 days 00:01:32.453000,8297.4749824,136.04499968,4,0.0,False,1,pos,4956.277254499408,0.9161180915909668,OnTrack,-3983.0,-14153.0,3657.0,,,,
688,2022-08-28 13:05:17.042,0 days 01:04:16.962000,6,0.08472222222371784,0 days 00:01:32.462000,8295.0,136.0,4,0.0,False,1,car,4956.614444444439,0.9161804177670629,OnTrack,-3985.318562277609,-14150.476581780702,3656.955135046278,,,,
689,2022-08-28 13:05:17.273,0 days 01:04:17.193000,6,2.843889653334445,0 days 00:01:32.693000,8195.174972342857,133.5249993142857,4,0.0,False,1,pos,4965.163235418195,0.9177605759523577,OnTrack,-4042.0,-14085.0,3656.0,,,,
690,2022-08-28 13:05:17.322,0 days 01:04:17.242000,6,3.4291666666676974,0 days 00:01:32.742000,8174.0,133.0,4,0.0,False,1,car,4966.958888888884,0.9180924844688219,OnTrack,-4053.4907805847242,-14070.899543546035,3655.7631298857154,,,,
691,2022-08-28 13:05:17.493,0 days 01:04:17.413000,6,5.946667608889944,0 days 00:01:32.913000,8089.721397028571,131.77857097142856,4,0.0,False,1,pos,4973.190369725866,0.9192443111401364,OnTrack,-4092.0,-14021.0,3655.0,,,,
692,2022-08-28 13:05:17.602,0 days 01:04:17.522000,6,7.55138888888996,0 days 00:01:33.022000,8036.0,131.0,4,0.0,False,1,car,4977.147777777773,0.9199757982878476,OnTrack,-4114.816024460434,-13988.51426257419,3654.9229134402262,,,,
693,2022-08-28 13:05:17.713,0 days 01:04:17.633000,6,9.555556711112223,0 days 00:01:33.133000,7971.7785344,130.6035712,4,0.0,False,1,pos,4981.173973906887,0.9207200002210276,OnTrack,-4137.0,-13955.0,3655.0,,,,
694,2022-08-28 13:05:17.882,0 days 01:04:17.802000,6,12.606944444445617,0 days 00:01:33.302000,7874.0,130.0,4,0.0,False,1,car,4987.258888888884,0.9218447356655066,OnTrack,-4169.446397615551,-13903.374283286374,3655.0092012064306,,,,
695,2022-08-28 13:05:17.993,0 days 01:04:17.913000,6,10.823149434471365,0 days 00:01:33.413000,7829.9083079111115,128.76666595555557,4,0.0,False,1,pos,4991.192005585574,0.9225717328000806,OnTrack,-4189.0,-13869.0,3655.0,,,,
696,2022-08-28 13:05:18.073,0 days 01:04:17.993000,6,9.537532150521507,0 days 00:01:33.493000,7798.130530133333,127.87777706666667,4,0.0,False,1,pos,4993.99506080911,0.9230898494166763,OnTrack,-4202.0,-13844.0,3655.0,,,,
697,2022-08-28 13:05:18.242,0 days 01:04:18.162000,77,6.821666666671263,0 days 00:01:33.662000,7731.0,126.0,4,0.0,False,1,car,4999.858888888884,0.9241737191668972,OnTrack,-4228.332579166933,-13791.115909711374,3654.941768572077,,,,
698,2022-08-28 13:05:18.293,0 days 01:04:18.213000,77,8.068334897782352,0 days 00:01:33.713000,7706.7749696,125.5218744,4,0.0,False,1,pos,5001.615578302588,0.9244984255686101,OnTrack,-4236.0,-13775.0,3655.0,,,,
699,2022-08-28 13:05:18.553,0 days 01:04:18.473000,77,14.423890453337792,0 days 00:01:33.973000,7583.2749696,123.0843744,4,0.0,False,1,pos,5010.487145165705,0.9261382456365216,OnTrack,-4272.0,-13693.0,3656.0,,,,
700,2022-08-28 13:05:18.562,0 days 01:04:18.482000,77,14.643888888893343,0 days 00:01:33.982000,7579.0,123.0,4,0.0,False,1,car,5010.792222222218,0.9261946360675747,OnTrack,-4273.077496728093,-13690.315910503636,3656.038492289928,,,,
701,2022-08-28 13:05:18.793,0 days 01:04:18.713000,77,20.354723804448334,0 days 00:01:34.213000,7512.999981714286,121.34999954285715,4,0.0,False,1,pos,5018.572386561805,0.9276327213362259,OnTrack,-4298.0,-13616.0,3657.0,,,,
702,2022-08-28 13:05:18.842,0 days 01:04:18.762000,77,21.56611111111488,0 days 00:01:34.262000,7499.0,121.0,4,0.0,False,1,car,5020.203333333329,0.9279341854729344,OnTrack,-4303.603143036295,-13593.412158638435,3657.2276502129835,,,,
703,2022-08-28 13:05:19.013,0 days 01:04:18.933000,77,25.556112604447986,0 days 00:01:34.433000,7310.8999296,119.3968744,4,0.0,False,1,pos,5025.831462961712,0.9289744887307273,OnTrack,-4322.0,-13507.0,3658.0,,,,
704,2022-08-28 13:05:19.162,0 days 01:04:19.082000,77,29.03277777778112,0 days 00:01:34.582000,7147.0,118.0,4,0.0,False,1,car,5030.692222222218,0.9298729512800884,OnTrack,-4329.424064461358,-13461.377234437212,3658.3664314142934,,,,
705,2022-08-28 13:05:19.322,0 days 01:04:19.242000,77,32.67722222222528,0 days 00:01:34.742000,7116.0,117.0,4,0.0,False,1,car,5035.892222222219,0.9308341190743131,OnTrack,-4330.281282736407,-13435.7457885771,3658.6258497123113,,,,
706,2022-08-28 13:05:19.413,0 days 01:04:19.333000,77,34.547779093336416,0 days 00:01:34.833000,7040.545780266667,116.24166613333334,4,0.0,False,1,pos,5038.818050950782,0.9313749291407194,OnTrack,-4331.0,-13416.0,3659.0,,,,
707,2022-08-28 13:05:19.562,0 days 01:04:19.482000,77,37.610555555558676,0 days 00:01:34.982000,6917.0,115.0,4,0.0,False,1,car,5043.558888888885,0.932251225437593,OnTrack,-4333.0245861734065,-13373.249564879841,3660.0077482670995,,,,
708,2022-08-28 13:05:19.673,0 days 01:04:19.593000,77,39.83055506692823,0 days 00:01:35.093000,6910.091287827688,114.07883837702502,4,0.0,False,1,pos,5047.05937543204,0.9328982552317076,OnTrack,-4334.0,-13333.0,3661.0,,,,
709,2022-08-28 13:05:19.803,0 days 01:04:19.723000,77,42.430555555558385,0 days 00:01:35.223000,6902.0,113.0,4,0.0,False,1,car,5051.1236111111075,0.933649488393796,OnTrack,-4333.564278580234,-13277.507671590833,3662.3426078309235,,,,
710,2022-08-28 13:05:19.872,0 days 01:04:19.792000,77,43.77222097778069,0 days 00:01:35.292000,6840.4750570666665,112.42500053333333,4,0.0,False,1,pos,5053.2643206484645,0.9340451770599685,OnTrack,-4333.0,-13251.0,3663.0,,,,
711,2022-08-28 13:05:20.043,0 days 01:04:19.963000,77,47.097222222225355,0 days 00:01:35.463000,6688.0,111.0,4,0.0,False,1,car,5058.523611111107,0.9350173041009618,OnTrack,-4331.289711433033,-13206.63537095664,3664.2083864505316,,,,
712,2022-08-28 13:05:20.172,0 days 01:04:20.092000,77,49.64138762666965,0 days 00:01:35.592000,6626.2643163428575,110.07857188571428,4,0.4607140571428571,False,1,pos,5062.453043583328,0.9357436202436309,OnTrack,-4329.0,-13177.0,3665.0,,,,
713,2022-08-28 13:05:20.323,0 days 01:04:20.243000,77,52.619444444447254,0 days 00:01:35.743000,6554.0,109.0,4,1.0,False,1,car,5067.001388888885,0.9365843362099222,OnTrack,-4324.632143155146,-13132.477686774915,3666.0401409147885,,,,
714,2022-08-28 13:05:20.432,0 days 01:04:20.352000,77,55.19305404444725,0 days 00:01:35.852000,6750.80544,108.0916672,4,0.6972224,False,1,pos,5070.242511297896,0.9371834251477456,OnTrack,-4321.0,-13099.0,3667.0,,,,
715,2022-08-28 13:05:20.673,0 days 01:04:20.593000,77,60.88333031111392,0 days 00:01:36.093000,7185.944213333333,106.0833344,4,0.027778133333333233,False,1,pos,5077.309756412663,0.9384897344550924,OnTrack,-4311.0,-13023.0,3670.0,,,,
716,2022-08-28 13:05:20.683,0 days 01:04:20.603000,77,61.119444444447254,0 days 00:01:36.103000,7204.0,106.0,4,0.0,False,1,car,5077.601388888886,0.9385436397904571,OnTrack,-4310.319449493733,-13018.768368187308,3670.145619708622,,,,
717,2022-08-28 13:05:20.873,0 days 01:04:20.793000,77,66.18611118451933,0 days 00:01:36.293000,7223.068100634679,104.63799281180867,4,0.0,False,1,pos,5083.116732655683,0.9395630957140576,OnTrack,-4294.0,-12926.0,3673.0,,,,
718,2022-08-28 13:05:20.962,0 days 01:04:20.882000,77,68.55944444444776,0 days 00:01:36.382000,7232.0,104.0,3,0.0,False,1,car,5085.661388888886,0.9400334498715054,OnTrack,-4286.913371743326,-12889.332561359617,3674.102031006735,,,,
719,2022-08-28 13:05:21.202,0 days 01:04:21.122000,77,75.49277777778025,0 days 00:01:36.622000,7153.0,101.0,3,0.0,False,1,car,5092.39472222222,0.9412780389383861,OnTrack,-4271.955211093523,-12823.176941711385,3676.139781943363,,,,
720,2022-08-28 13:05:21.353,0 days 01:04:21.273000,77,80.14861308444698,0 days 00:01:36.773000,7020.874944,101.0,3,0.0,False,1,pos,5096.632682165052,0.9420613832865139,OnTrack,-4266.0,-12800.0,3677.0,,,,
721,2022-08-28 13:05:21.362,0 days 01:04:21.282000,77,80.42611111111364,0 days 00:01:36.782000,7013.0,101.0,3,0.0,False,1,car,5096.883611111109,0.9421077649829732,OnTrack,-4265.732517955348,-12799.014151100946,3677.0434771157106,,,,
722,2022-08-28 13:05:21.573,0 days 01:04:21.493000,77,87.69389109333613,0 days 00:01:36.993000,6924.90747328,99.41749952,3,0.0,False,1,pos,5102.6825157149315,0.9431796342804684,OnTrack,-4260.0,-12779.0,3678.0,,,,
723,2022-08-28 13:05:21.762,0 days 01:04:21.682000,77,94.20388888889192,0 days 00:01:37.182000,6846.0,98.0,3,0.0,False,1,car,5107.772499999997,0.9441204667742983,OnTrack,-4247.410393473881,-12731.021673236564,3679.4359470987465,,,,
724,2022-08-28 13:05:21.833,0 days 01:04:21.753000,77,96.76778008889193,0 days 00:01:37.253000,6823.7138688,97.4083328,3,0.0,False,1,pos,5109.666344698166,0.9444705249533643,OnTrack,-4242.0,-12711.0,3680.0,,,,
725,2022-08-28 13:05:22.093,0 days 01:04:22.013000,77,106.15666897778081,0 days 00:01:37.513000,6742.102757688889,95.24166613333334,3,0.0,False,1,pos,5116.516642337471,0.9457367336979321,OnTrack,-4222.0,-12645.0,3682.0,,,,
726,2022-08-28 13:05:22.122,0 days 01:04:22.042000,77,107.20388888889192,0 days 00:01:37.542000,6733.0,95.0,3,0.0,False,1,car,5117.272499999997,0.9458764463983625,OnTrack,-4219.431682376143,-12637.754692674265,3682.2792490798283,,,,
727,2022-08-28 13:05:22.193,0 days 01:04:22.113000,77,109.94528024889175,0 days 00:01:37.613000,6620.81989888,94.28999936,3,0.0,False,1,pos,5119.116109683266,0.9462172191392622,OnTrack,-4213.0,-12620.0,3683.0,,,,
728,2022-08-28 13:05:22.322,0 days 01:04:22.242000,77,114.92611111111364,0 days 00:01:37.742000,6417.0,93.0,3,0.0,False,1,car,5122.439166666664,0.946831452860573,OnTrack,-4202.344611506438,-12588.19921423891,3684.2441390940935,,,,
729,2022-08-28 13:05:22.413,0 days 01:04:22.333000,77,118.71778044444689,0 days 00:01:37.833000,6441.171892,92.4312496,3,0.0,False,1,pos,5124.761115472647,0.9472606417859863,OnTrack,-4195.0,-12566.0,3685.0,,,,
730,2022-08-28 13:05:22.642,0 days 01:04:22.562000,77,128.25944444444667,0 days 00:01:38.062000,6502.0,91.0,3,0.0,False,1,car,5130.528055555553,0.9483266027627002,OnTrack,-4175.303463809934,-12510.72111840535,3686.4196701500687,,,,
731,2022-08-28 13:05:22.713,0 days 01:04:22.633000,77,131.35583612444663,0 days 00:01:38.133000,6443.6468224,90.5562496,3,0.0,False,1,pos,5132.296548431356,0.9486534909158806,OnTrack,-4169.0,-12494.0,3687.0,,,,
732,2022-08-28 13:05:22.913,0 days 01:04:22.833000,77,140.07805834666868,0 days 00:01:38.333000,6279.2718224,89.3062496,3,0.0,False,1,pos,5137.235264604721,0.9495663630179296,OnTrack,-4151.0,-12448.0,3689.0,,,,
733,2022-08-28 13:05:22.962,0 days 01:04:22.882000,77,142.21500000000196,0 days 00:01:38.382000,6239.0,89.0,3,0.0,False,1,car,5138.439166666664,0.9497888922274181,OnTrack,-4146.561411793443,-12436.743375218564,3689.280271533332,,,,
734,2022-08-28 13:05:23.122,0 days 01:04:23.042000,77,149.37055555555798,0 days 00:01:38.542000,6128.0,88.0,3,0.0,False,1,car,5142.350277777775,0.9505118218504246,OnTrack,-4131.91156691995,-12400.018353917985,3689.7847290566274,,,,
735,2022-08-28 13:05:23.153,0 days 01:04:23.073000,77,150.82583633778017,0 days 00:01:38.573000,6230.127988622222,87.82777742222223,3,0.0,False,1,pos,5143.101254715237,0.9506506323978274,OnTrack,-4129.0,-12393.0,3690.0,,,,
736,2022-08-28 13:05:23.433,0 days 01:04:23.353000,77,163.97028078222434,0 days 00:01:38.853000,7152.572433066667,86.27222186666667,3,0.0,False,1,pos,5149.787509499409,0.9518865194675437,OnTrack,-4102.0,-12331.0,3693.0,,,,
737,2022-08-28 13:05:23.482,0 days 01:04:23.402000,77,166.27055555555762,0 days 00:01:38.902000,7314.0,86.0,3,0.0,False,1,car,5150.950277777775,0.9521014455101039,OnTrack,-4097.403114065826,-12320.218728243299,3693.0525201184596,,,,
738,2022-08-28 13:05:23.593,0 days 01:04:23.513000,77,171.60472529777962,0 days 00:01:39.013000,7165.999914666667,85.53749973333333,3,0.0,False,1,pos,5153.581241155353,0.9525877526767024,OnTrack,-4087.0,-12296.0,3693.0,,,,
739,2022-08-28 13:05:23.722,0 days 01:04:23.642000,77,177.80388888889047,0 days 00:01:39.142000,6994.0,85.0,2,0.0,False,1,car,5156.616944444442,0.9531488719525283,OnTrack,-4074.2371278841383,-12268.746845259031,3694.3705457154856,,,,
740,2022-08-28 13:05:23.773,0 days 01:04:23.693000,77,180.33972540444606,0 days 00:01:39.193000,7000.921437257143,84.63571382857143,2,0.0,False,1,pos,5157.80500766712,0.9533684735115939,OnTrack,-4069.0,-12258.0,3695.0,,,,
741,2022-08-28 13:05:23.993,0 days 01:04:23.913000,77,191.27861429333512,0 days 00:01:39.413000,7030.778580114285,83.06428525714286,2,0.0,False,1,pos,5162.866598056888,0.9543040576789404,OnTrack,-4046.0,-12212.0,3697.0,,,,
742,2022-08-28 13:05:24.002,0 days 01:04:23.922000,77,191.7261111111129,0 days 00:01:39.422000,7032.0,83.0,2,0.0,False,1,car,5163.0724999999975,0.9543421165859567,OnTrack,-4045.116778816926,-12210.236043491184,3697.0671076478193,,,,
743,2022-08-28 13:05:24.202,0 days 01:04:24.122000,77,201.89277777777988,0 days 00:01:39.622000,6969.0,82.0,2,0.0,False,1,car,5167.628055555553,0.9551841652945723,OnTrack,-4026.124973320785,-12172.37336181226,3698.419266204522,,,,
744,2022-08-28 13:05:24.273,0 days 01:04:24.193000,77,205.60055889778002,0 days 00:01:39.693000,6953.9124864,81.7041664,2,0.0,False,1,pos,5169.233342969895,0.9554808865567145,OnTrack,-4017.0,-12155.0,3699.0,,,,
745,2022-08-28 13:05:24.442,0 days 01:04:24.362000,77,214.42611111111364,0 days 00:01:39.862000,6918.0,81.0,2,0.0,False,1,car,5173.028055555553,0.9561823010808824,OnTrack,-3989.314482499085,-12103.902231944383,3700.703158209357,,,,
746,2022-08-28 13:05:24.473,0 days 01:04:24.393000,77,216.07083672889163,0 days 00:01:39.893000,6910.0562336,80.8062496,2,0.0,False,1,pos,5173.7202692503315,0.9563102498328331,OnTrack,-3985.0,-12096.0,3701.0,,,,
747,2022-08-28 13:05:24.602,0 days 01:04:24.522000,77,222.9150000000036,0 days 00:01:40.022000,6877.0,80.0,2,0.0,False,1,car,5176.583611111108,0.9568395098290703,OnTrack,-3972.4024038867537,-12072.98180920941,3702.074934532622,,,,
748,2022-08-28 13:05:24.813,0 days 01:04:24.733000,77,234.4613923911146,0 days 00:01:40.233000,6716.405506844444,78.82777742222223,2,0.0,False,1,pos,5181.17732608176,0.957688611922462,OnTrack,-3959.0,-12049.0,3703.0,,,,
749,2022-08-28 13:05:24.962,0 days 01:04:24.882000,77,242.61500000000342,0 days 00:01:40.382000,6603.0,78.0,2,0.0,False,1,car,5184.383611111109,0.9582812615204073,OnTrack,-3943.2696481079784,-12021.226545337213,3702.8633219755666,,,,
750,2022-08-28 13:05:25.013,0 days 01:04:24.933000,77,245.46250357333668,0 days 00:01:40.433000,6581.112472533333,77.78749973333333,2,0.0,False,1,pos,5185.478473562921,0.958483635852674,OnTrack,-3938.0,-12012.0,3703.0,,,,
751,2022-08-28 13:05:25.202,0 days 01:04:25.122000,77,256.01500000000306,0 days 00:01:40.622000,6500.0,77.0,2,0.0,False,1,car,5189.516944444442,0.9592301066506034,OnTrack,-3921.1190246731558,-11983.092848959848,3705.000063897011,,,,
752,2022-08-28 13:05:25.293,0 days 01:04:25.213000,77,261.1716702933364,0 days 00:01:40.713000,6467.5812272,76.4312496,2,0.0,False,1,pos,5191.44296123599,0.9595861115181364,OnTrack,-3907.0,-11960.0,3706.0,,,,
753,2022-08-28 13:05:25.362,0 days 01:04:25.282000,77,265.08166666666966,0 days 00:01:40.782000,6443.0,76.0,2,0.0,False,1,car,5192.89472222222,0.9598544549613818,OnTrack,-3891.6175638437135,-11935.135809349493,3706.551021832092,,,,
754,2022-08-28 13:05:25.433,0 days 01:04:25.353000,77,269.1838925866697,0 days 00:01:40.853000,6414.95497472,75.64499968,2,0.0,False,1,pos,5194.380714013801,0.9601291256253336,OnTrack,-3876.0,-11910.0,3707.0,,,,
755,2022-08-28 13:05:25.562,0 days 01:04:25.482000,77,276.6372222222253,0 days 00:01:40.982000,6364.0,75.0,2,0.0,False,1,car,5197.0613888888865,0.9606246214631644,OnTrack,-3859.9743249333796,-11884.370483343577,3707.6923110514754,,,,
756,2022-08-28 13:05:25.802,0 days 01:04:25.722000,77,290.7038888888919,0 days 00:01:41.222000,6238.0,74.0,2,0.0,False,1,car,5201.99472222222,0.961536498601275,OnTrack,-3850.2763309809607,-11869.970322253463,3708.822202134802,,,,
757,2022-08-28 13:05:25.833,0 days 01:04:25.753000,77,266.1607124476074,0 days 00:01:41.253000,6229.905538844445,73.91388871111111,2,0.0,False,1,pos,5202.628966326221,0.9616537322563603,OnTrack,-3847.0,-11865.0,3709.0,,,,
758,2022-08-28 13:05:26.133,0 days 01:04:26.053000,77,28.646592077231674,0 days 00:01:41.553000,6151.572205511111,73.08055537777778,2,0.0,False,1,pos,5208.716567670887,0.9627789642480085,OnTrack,-3798.0,-11790.0,3711.0,,,,
759,2022-08-28 13:05:26.162,0 days 01:04:26.082000,10,5.6869444444409964,0 days 00:01:41.582000,6144.0,73.0,2,0.0,False,1,car,5209.29472222222,0.9628858303123982,OnTrack,-3794.5229825040296,-11784.660244770806,3711.1811642074176,,,,
760,2022-08-28 13:05:26.512,0 days 01:04:26.432000,10,13.989633460438348,0 days 00:01:41.932000,5906.698429228802,70.61904778490437,2,0.0,False,1,pos,5216.11703001598,0.964146865415023,OnTrack,-3772.0,-11751.0,3713.0,,,,
761,2022-08-28 13:05:26.603,0 days 01:04:26.523000,22,16.148333333336268,0 days 00:01:42.023000,5845.0,70.0,2,0.0,False,1,car,5217.86972222222,0.9644708329730667,OnTrack,-3762.569123734951,-11737.80343572293,3713.3794216573533,,,,
762,2022-08-28 13:05:26.752,0 days 01:04:26.672000,22,25.00555175111446,0 days 00:01:42.172000,5826.375008,69.37916693333334,2,0.0,False,1,pos,5220.733163443678,0.9650001113351283,OnTrack,-3745.0,-11713.0,3714.0,,,,
763,2022-08-28 13:05:26.843,0 days 01:04:26.763000,22,30.4150000000036,0 days 00:01:42.263000,5815.0,69.0,2,0.0,False,1,car,5222.46972222222,0.9653210967910347,OnTrack,-3736.0247816215197,-11699.680509880442,3714.449816146167,,,,
764,2022-08-28 13:05:26.912,0 days 01:04:26.832000,22,34.55499616000376,0 days 00:01:42.332000,5774.4625376,68.5687504,2,0.0,False,1,pos,5223.777283466653,0.9655627863597126,OnTrack,-3728.0,-11688.0,3715.0,,,,
765,2022-08-28 13:05:27.003,0 days 01:04:26.923000,22,40.015000000003965,0 days 00:01:42.423000,5721.0,68.0,2,0.0,False,1,car,5225.491944444442,0.9658797242269942,OnTrack,-3713.5406318189557,-11667.809357727552,3716.1810013360973,,,,
766,2022-08-28 13:05:27.133,0 days 01:04:27.053000,22,47.99554769778187,0 days 00:01:42.553000,5637.583415466666,67.45833386666666,2,0.0,False,1,pos,5227.927667554979,0.9663299431903589,OnTrack,-3691.0,-11637.0,3718.0,,,,
767,2022-08-28 13:05:27.243,0 days 01:04:27.163000,22,54.74833333333754,0 days 00:01:42.663000,5567.0,67.0,2,0.0,False,1,car,5229.958611111108,0.9667053427169051,OnTrack,-3677.209061259602,-11618.223887901417,3718.7273082931933,,,,
768,2022-08-28 13:05:27.403,0 days 01:04:27.323000,22,64.65944444444813,0 days 00:01:42.823000,5626.0,65.0,2,0.0,False,1,car,5232.847499999997,0.9672393248248077,OnTrack,-3665.6036658536314,-11602.560470394668,3718.515402101493,,,,
769,2022-08-28 13:05:27.593,0 days 01:04:27.513000,22,76.58722136577128,0 days 00:01:43.013000,5524.746088775076,64.40438875750044,2,0.0,False,1,pos,5236.243031932661,0.9678669548128728,OnTrack,-3652.0,-11584.0,3719.0,,,,
770,2022-08-28 13:05:27.722,0 days 01:04:27.642000,22,84.6855555555594,0 days 00:01:43.142000,5456.0,64.0,2,0.0,False,1,car,5238.518611111108,0.9682875727781671,OnTrack,-3640.0301394073426,-11567.485482653803,3720.347227516039,,,,
771,2022-08-28 13:05:27.793,0 days 01:04:27.713000,22,89.24139299555948,0 days 00:01:43.213000,5432.9249792,63.6055552,2,0.19722240000000002,False,1,pos,5239.757079008718,0.9685164911353525,OnTrack,-3633.0,-11558.0,3721.0,,,,
772,2022-08-28 13:05:28.053,0 days 01:04:27.973000,22,105.92472632889307,0 days 00:01:43.473000,5348.4249792,62.161110755555555,2,0.9194446222222223,False,1,pos,5244.223679010213,0.9693420973028758,OnTrack,-3605.0,-11522.0,3722.0,,,,
773,2022-08-28 13:05:28.082,0 days 01:04:28.002000,22,107.78555555555977,0 days 00:01:43.502000,5339.0,62.0,2,1.0,False,1,car,5244.718611111108,0.9694335805328196,OnTrack,-3601.207887192615,-11517.100876708733,3722.23259741327,,,,
774,2022-08-28 13:05:28.253,0 days 01:04:28.173000,22,118.9005597155596,0 days 00:01:43.673000,5213.599953066667,61.52499982222222,2,1.9500003555555556,False,1,pos,5247.6275138661895,0.9699712620029575,OnTrack,-3578.0,-11487.0,3724.0,,,,
775,2022-08-28 13:05:28.442,0 days 01:04:28.362000,22,131.1855555555594,0 days 00:01:43.862000,5075.0,61.0,2,3.0,False,1,car,5250.818611111108,0.9705611042914293,OnTrack,-3561.5127378535367,-11466.356232504195,3724.624837685142,,,,
776,2022-08-28 13:05:28.573,0 days 01:04:28.493000,22,139.80972643555944,0 days 00:01:43.993000,5063.771423085715,60.53214262857143,2,3.0,False,1,pos,5253.012189637549,0.9709665652594519,OnTrack,-3551.0,-11453.0,3725.0,,,,
777,2022-08-28 13:05:28.722,0 days 01:04:28.642000,22,149.6188888888928,0 days 00:01:44.142000,5051.0,60.0,2,3.0,False,1,car,5255.485277777775,0.9714236907734258,OnTrack,-3536.134133419564,-11433.461014868628,3725.938328836441,,,,
778,2022-08-28 13:05:28.733,0 days 01:04:28.653000,22,150.300873759559,0 days 00:01:44.153000,5045.9812208,59.9312496,2,3.0687504,False,1,pos,5255.666755647259,0.9714572351356396,OnTrack,-3535.0,-11432.0,3726.0,,,,
779,2022-08-28 13:05:28.882,0 days 01:04:28.802000,10,159.53861111110837,0 days 00:01:44.302000,4978.0,59.0,2,4.0,False,1,car,5258.107499999997,0.9719083822252144,OnTrack,-3519.648195053001,-11412.930057180849,3726.5605022278796,,,,
780,2022-08-28 13:05:29.033,0 days 01:04:28.953000,10,168.80833726221934,0 days 00:01:44.453000,4879.8499584,58.37083306666667,2,4.629166933333334,False,1,pos,5260.536711431304,0.9723573975700479,OnTrack,-3504.0,-11394.0,3727.0,,,,
781,2022-08-28 13:05:29.253,0 days 01:04:29.173000,10,182.3138928177747,0 days 00:01:44.673000,4736.8499584,57.4541664,2,5.5458336,False,1,pos,5264.004356940135,0.9729983570286781,OnTrack,-3482.0,-11367.0,3728.0,,,,
782,2022-08-28 13:05:29.362,0 days 01:04:29.282000,10,189.0052777777746,0 days 00:01:44.782000,4666.0,57.0,2,6.0,False,1,car,5265.707499999997,0.9733131659244657,OnTrack,-3473.7558418868525,-11357.142384585384,3728.39747831383,,,,
783,2022-08-28 13:05:29.453,0 days 01:04:29.373000,10,194.66750398221916,0 days 00:01:44.873000,4744.20318,56.7156248,2,6.0,False,1,pos,5267.123172004187,0.9735748386816991,OnTrack,-3462.0,-11343.0,3729.0,,,,
784,2022-08-28 13:05:29.613,0 days 01:04:29.533000,10,204.6230595377749,0 days 00:01:45.033000,4881.70318,56.2156248,2,6.0,False,1,pos,5269.606508802246,0.9740338585571813,OnTrack,-3425.0,-11298.0,3731.0,,,,
785,2022-08-28 13:05:29.682,0 days 01:04:29.602000,10,208.9163888888861,0 days 00:01:45.102000,4941.0,56.0,2,6.0,False,1,car,5270.685277777775,0.9742332581719286,OnTrack,-3413.5581197110114,-11284.06409719849,3731.708761460771,,,,
786,2022-08-28 13:05:29.873,0 days 01:04:29.793000,10,220.8538928888861,0 days 00:01:45.293000,4806.769399466667,56.53055573333334,2,6.530555733333333,False,1,pos,5273.702170469406,0.9747909004976647,OnTrack,-3396.0,-11263.0,3733.0,,,,
787,2022-08-28 13:05:30.042,0 days 01:04:29.962000,10,231.4163888888861,0 days 00:01:45.462000,4688.0,57.0,2,7.0,False,1,car,5276.385277777775,0.9752868459463672,OnTrack,-3378.324645546347,-11242.795166192866,3733.8603668064648,,,,
788,2022-08-28 13:05:30.073,0 days 01:04:29.993000,10,233.35389288888598,0 days 00:01:45.493000,4724.0375744,57.0,2,7.0,False,1,pos,5276.876660129479,0.9753776730408112,OnTrack,-3375.0,-11239.0,3734.0,,,,
789,2022-08-28 13:05:30.282,0 days 01:04:30.202000,10,246.4163888888852,0 days 00:01:45.702000,4967.0,57.0,2,7.0,False,1,car,5280.185277777775,0.9759892377959929,OnTrack,-3353.1475630065993,-11213.727968116671,3734.8609033018083,,,,
790,2022-08-28 13:05:30.313,0 days 01:04:30.233000,10,248.36250401777406,0 days 00:01:45.733000,4966.557141942857,57.0,2,6.889285485714286,False,1,pos,5280.676009502428,0.9760799446285584,OnTrack,-3350.0,-11210.0,3735.0,,,,
791,2022-08-28 13:05:30.513,0 days 01:04:30.433000,10,260.91805957332946,0 days 00:01:45.933000,4963.699999085714,57.0,2,6.174999771428571,False,1,pos,5283.842746968117,0.9766652842564016,OnTrack,-3330.0,-11186.0,3736.0,,,,
792,2022-08-28 13:05:30.562,0 days 01:04:30.482000,10,263.99416666666275,0 days 00:01:45.982000,4963.0,57.0,2,6.0,False,1,car,5284.618611111108,0.9768086949538897,OnTrack,-3324.961785875593,-11180.139191325161,3736.241397591423,,,,
793,2022-08-28 13:05:30.722,0 days 01:04:30.642000,10,274.03861111110746,0 days 00:01:46.142000,4929.0,57.0,2,6.0,False,1,car,5287.151944444441,0.9772769561869733,OnTrack,-3308.1511272462517,-11161.261202995436,3736.9582863337673,,,,
794,2022-08-28 13:05:30.733,0 days 01:04:30.653000,10,274.73222625777413,0 days 00:01:46.153000,4928.2142811428575,57.0,2,6.0,False,1,pos,5287.326115996306,0.9773091500497275,OnTrack,-3307.0,-11160.0,3737.0,,,,
795,2022-08-28 13:05:30.973,0 days 01:04:30.893000,10,289.86555959110785,0 days 00:01:46.393000,4911.071424,57.0,2,6.0,False,1,pos,5291.126192162904,0.9780115559779843,OnTrack,-3281.0,-11132.0,3738.0,,,,
796,2022-08-28 13:05:31.002,0 days 01:04:30.922000,10,291.6941666666635,0 days 00:01:46.422000,4909.0,57.0,2,6.0,False,1,car,5291.5852777777745,0.97809641334487,OnTrack,-3277.3877611924718,-11128.02211740118,3738.2372511637977,,,,
797,2022-08-28 13:05:31.173,0 days 01:04:31.093000,10,302.4766707022196,0 days 00:01:46.593000,4826.349969066667,57.0,2,6.0,False,1,pos,5294.292046532667,0.9785967323744117,OnTrack,-3254.0,-11102.0,3740.0,,,,
798,2022-08-28 13:05:31.242,0 days 01:04:31.162000,10,306.8274999999976,0 days 00:01:46.662000,4793.0,57.0,2,6.0,False,1,car,5295.385277777775,0.9787988051944958,OnTrack,-3244.1544617925742,-11091.232837626652,3740.5610111705946,,,,
799,2022-08-28 13:05:31.573,0 days 01:04:31.493000,10,327.79083738666435,0 days 00:01:46.993000,4756.890902109091,57.0,2,6.0,False,1,pos,5300.63633070266,0.9797694096093361,OnTrack,-3202.0,-11046.0,3742.0,,,,
800,2022-08-28 13:05:31.682,0 days 01:04:31.602000,10,334.6941666666644,0 days 00:01:47.102000,4745.0,57.0,2,6.0,False,1,car,5302.351944444441,0.9800865235854761,OnTrack,-3195.053893355611,-11038.238770547581,3742.3661933502526,,,,
801,2022-08-28 13:05:31.873,0 days 01:04:31.793000,10,346.8969485333311,0 days 00:01:47.293000,4778.4250112,56.52249984,2,6.0,False,1,pos,5305.330912778174,0.9806371559743989,OnTrack,-3185.0,-11027.0,3743.0,,,,
802,2022-08-28 13:05:32.082,0 days 01:04:32.002000,10,360.24972222222004,0 days 00:01:47.502000,4815.0,56.0,2,6.0,False,1,car,5308.574166666663,0.9812366388948047,OnTrack,-3162.518455137428,-11003.656768922552,3743.8272811678517,,,,
803,2022-08-28 13:05:32.113,0 days 01:04:32.033000,10,362.2302818666644,0 days 00:01:47.533000,4815.0,56.0,2,6.0,False,1,pos,5309.056020157084,0.9813257046749062,OnTrack,-3159.0,-11000.0,3744.0,,,,
804,2022-08-28 13:05:32.282,0 days 01:04:32.202000,10,373.0274999999974,0 days 00:01:47.702000,4815.0,56.0,2,6.0,False,1,car,5311.685277777774,0.9818116965494691,OnTrack,-3140.8611364218627,-10980.954205822427,3745.2460932629588,,,,
805,2022-08-28 13:05:32.433,0 days 01:04:32.353000,10,382.6747263111082,0 days 00:01:47.853000,4762.1499776,56.0,2,6.0,False,1,pos,5314.034205607617,0.9822458722765852,OnTrack,-3125.0,-10964.0,3746.0,,,,
806,2022-08-28 13:05:32.482,0 days 01:04:32.402000,10,385.8052777777748,0 days 00:01:47.902000,4745.0,56.0,2,6.0,False,1,car,5314.796388888885,0.9823867542041335,OnTrack,-3119.713577523391,-10958.28978234169,3746.026185735427,,,,
807,2022-08-28 13:05:32.553,0 days 01:04:32.473000,10,390.34139100286836,0 days 00:01:47.973000,4733.891151285485,56.0,2,6.0,False,1,pos,5315.900790797091,0.9825908918091426,OnTrack,-3112.0,-10950.0,3746.0,,,,
808,2022-08-28 13:05:32.833,0 days 01:04:32.753000,10,408.230272103401,0 days 00:01:48.253000,4690.081646549487,56.0,2,6.0,False,1,pos,5320.256323612342,0.9833959683223559,OnTrack,-3082.0,-10919.0,3747.0,,,,
809,2022-08-28 13:05:32.923,0 days 01:04:32.843000,10,413.980277777775,0 days 00:01:48.343000,4676.0,56.0,2,6.0,False,1,car,5321.656388888885,0.9836547563326682,OnTrack,-3072.4817385337656,-10908.877459046838,3747.571223961609,,,,
810,2022-08-28 13:05:32.993,0 days 01:04:32.913000,10,418.4719362311082,0 days 00:01:48.413000,4705.166613333334,56.0,2,6.0,False,1,pos,5322.745351142841,0.9838560400725969,OnTrack,-3065.0,-10901.0,3748.0,,,,
811,2022-08-28 13:05:33.163,0 days 01:04:33.083000,10,429.3802777777746,0 days 00:01:48.583000,4776.0,56.0,2,6.0,False,1,car,5325.389722222219,0.9843448255182654,OnTrack,-3046.24685117124,-10882.1875445748,3748.8259332460184,,,,
812,2022-08-28 13:05:33.192,0 days 01:04:33.112000,10,431.2330514666634,0 days 00:01:48.612000,4762.9500288,56.0,2,6.0,False,1,pos,5325.84070172324,0.9844281845513881,OnTrack,-3043.0,-10879.0,3749.0,,,,
813,2022-08-28 13:05:33.363,0 days 01:04:33.283000,10,442.158055555552,0 days 00:01:48.783000,4686.0,56.0,2,6.0,False,1,car,5328.50083333333,0.9849198831729298,OnTrack,-3023.695979404754,-10860.25939134578,3750.39359631068,,,,
814,2022-08-28 13:05:33.492,0 days 01:04:33.412000,10,450.3997181333296,0 days 00:01:48.912000,4674.7125056,56.0,2,6.0,False,1,pos,5330.512458803134,0.9852917119451641,OnTrack,-3010.0,-10846.0,3751.0,,,,
815,2022-08-28 13:05:33.572,0 days 01:04:33.492000,10,455.51082924444063,0 days 00:01:48.992000,4667.7125056,56.0,2,6.0,False,1,pos,5331.755244836605,0.985521428466411,OnTrack,-3002.0,-10837.0,3751.0,,,,
816,2022-08-28 13:05:33.603,0 days 01:04:33.523000,10,457.491388888885,0 days 00:01:49.023000,4665.0,56.0,2,6.0,False,1,car,5332.234166666663,0.985609952358527,OnTrack,-2998.624271643092,-10833.416629560632,3751.099207130192,,,,
817,2022-08-28 13:05:33.833,0 days 01:04:33.753000,10,472.2497140088852,0 days 00:01:49.253000,4736.87496,55.42500032,2,6.0,False,1,pos,5335.7425208496,0.986258436406868,OnTrack,-2971.0,-10807.0,3753.0,,,,
818,2022-08-28 13:05:33.993,0 days 01:04:33.913000,10,482.516380675552,0 days 00:01:49.413000,4786.87496,55.02500032,2,6.0,False,1,pos,5338.1908210311285,0.9867109801155369,OnTrack,-2956.0,-10792.0,3753.0,,,,
819,2022-08-28 13:05:34.003,0 days 01:04:33.923000,10,483.158055555552,0 days 00:01:49.423000,4790.0,55.0,2,6.0,False,1,car,5338.345277777775,0.9867395298944749,OnTrack,-2954.9221770814374,-10790.91371795759,3753.024138013823,,,,
820,2022-08-28 13:05:34.163,0 days 01:04:34.083000,10,493.3802777777737,0 days 00:01:49.583000,4714.0,56.0,2,6.0,False,1,car,5340.834166666664,0.9871995760182063,OnTrack,-2935.185771346668,-10771.168541365674,3753.9473658558727,,,,
821,2022-08-28 13:05:34.173,0 days 01:04:34.093000,10,494.01360300444037,0 days 00:01:49.593000,4719.6874272,56.0,2,6.0,False,1,pos,5340.990066761224,0.9872283925855152,OnTrack,-2934.0,-10770.0,3754.0,,,,
822,2022-08-28 13:05:34.323,0 days 01:04:34.243000,10,503.5136111111069,0 days 00:01:49.743000,4805.0,56.0,2,6.0,False,1,car,5343.323055555553,0.9876596221419378,OnTrack,-2918.075130545829,-10754.634250456467,3754.5081991030015,,,,
823,2022-08-28 13:05:34.413,0 days 01:04:34.333000,10,509.2136069270183,0 days 00:01:49.833000,4810.806447350674,55.67741959162925,2,5.677419591629253,False,1,pos,5344.7063579415735,0.9879153117002297,OnTrack,-2909.0,-10746.0,3755.0,,,,
824,2022-08-28 13:05:34.602,0 days 01:04:34.522000,10,521.1836111111079,0 days 00:01:50.022000,4823.0,55.0,2,5.0,False,1,car,5347.585555555553,0.9884475024732614,OnTrack,-2888.3737587244386,-10726.311869271194,3756.9084044989754,,,,
825,2022-08-28 13:05:34.613,0 days 01:04:34.533000,10,521.8802818311079,0 days 00:01:50.033000,4809.6624224,55.0,2,5.0687504,False,1,pos,5347.753393098625,0.9884785255580811,OnTrack,-2887.0,-10725.0,3757.0,,,,
826,2022-08-28 13:05:34.762,0 days 01:04:34.682000,10,531.3169444444411,0 days 00:01:50.182000,4629.0,55.0,2,6.0,False,1,car,5350.029999999997,0.9888993334876405,OnTrack,-2865.9859210044197,-10704.93643845354,3757.755287967234,,,,
827,2022-08-28 13:05:34.913,0 days 01:04:34.833000,10,540.9222262933305,0 days 00:01:50.333000,4695.871456914286,55.0,2,6.0,False,1,pos,5352.337303004629,0.9893258152837117,OnTrack,-2845.0,-10685.0,3758.0,,,,
828,2022-08-28 13:05:35.042,0 days 01:04:34.962000,10,549.1280555555531,0 days 00:01:50.462000,4753.0,55.0,2,6.0,False,1,car,5354.307777777774,0.9896900377628038,OnTrack,-2831.2634466722207,-10672.126153616558,3758.1183687502225,,,,
829,2022-08-28 13:05:35.242,0 days 01:04:35.162000,10,561.7947222222201,0 days 00:01:50.662000,4714.0,55.0,2,6.0,False,1,car,5357.36333333333,0.9902548265307777,OnTrack,-2815.3868976472095,-10657.571026415348,3758.3673965946564,,,,
830,2022-08-28 13:05:35.353,0 days 01:04:35.273000,10,568.8247262755535,0 days 00:01:50.773000,4743.291683555555,55.0,2,6.0,False,1,pos,5359.063516544574,0.9905690883282638,OnTrack,-2805.0,-10648.0,3759.0,,,,
831,2022-08-28 13:05:35.593,0 days 01:04:35.513000,10,584.0247262755536,0 days 00:01:51.013000,4806.625016888889,55.0,2,6.0,False,1,pos,5362.727369479807,0.9912463147598258,OnTrack,-2778.0,-10623.0,3761.0,,,,
832,2022-08-28 13:05:35.602,0 days 01:04:35.522000,10,584.5947222222203,0 days 00:01:51.022000,4809.0,55.0,2,6.0,False,1,car,5362.86333333333,0.9912714463131307,OnTrack,-2776.994309429766,-10622.074820085554,3761.019332431804,,,,
833,2022-08-28 13:05:35.713,0 days 01:04:35.633000,10,591.6247262755533,0 days 00:01:51.133000,4664.14491648,54.44499968,2,5.4449996800000005,False,1,pos,5364.53092146512,0.9915796832374207,OnTrack,-2765.0,-10611.0,3761.0,,,,
834,2022-08-28 13:05:35.802,0 days 01:04:35.722000,10,597.2613888888864,0 days 00:01:51.222000,4548.0,54.0,2,5.0,False,1,car,5365.86333333333,0.9918259661944142,OnTrack,-2756.10574439312,-10602.428660477497,3761.3961394690778,,,,
835,2022-08-28 13:05:35.893,0 days 01:04:35.813000,10,603.0752818666643,0 days 00:01:51.313000,4549.950001371429,54.0,2,5.0,False,1,pos,5367.227368357195,0.9920780943742475,OnTrack,-2745.0,-10592.0,3762.0,,,,
836,2022-08-28 13:05:36.082,0 days 01:04:36.002000,10,615.150277777776,0 days 00:01:51.502000,4554.0,54.0,2,5.0,False,1,car,5370.06333333333,0.992602294028211,OnTrack,-2710.523072238783,-10561.899647988432,3762.8865539451813,,,,
837,2022-08-28 13:05:36.113,0 days 01:04:36.033000,10,617.1308374222205,0 days 00:01:51.533000,4552.2562464,54.0,2,5.0,False,1,pos,5370.528387512009,0.9926882546241949,OnTrack,-2706.0,-10558.0,3763.0,,,,
838,2022-08-28 13:05:36.242,0 days 01:04:36.162000,10,625.3724999999986,0 days 00:01:51.662000,4545.0,54.0,2,5.0,False,1,car,5372.46333333333,0.9930459099332378,OnTrack,-2694.4816460310894,-10548.078997777262,3763.3983076676413,,,,
839,2022-08-28 13:05:36.433,0 days 01:04:36.353000,10,637.6283374399974,0 days 00:01:51.853000,4703.53005312,54.0,2,5.0,False,1,pos,5375.32835925694,0.9935754812115823,OnTrack,-2684.0,-10539.0,3764.0,,,,
840,2022-08-28 13:05:36.442,0 days 01:04:36.362000,10,638.2058333333307,0 days 00:01:51.862000,4711.0,54.0,2,5.0,False,1,car,5375.46333333333,0.9936004298145213,OnTrack,-2683.1111421808664,-10538.226671687415,3764.037711120435,,,,
841,2022-08-28 13:05:36.602,0 days 01:04:36.522000,10,648.5613888888865,0 days 00:01:52.022000,4526.0,54.0,2,5.0,False,1,car,5377.863333333331,0.9940440457195482,OnTrack,-2660.9758348956375,-10518.940758306824,3764.854857289025,,,,
842,2022-08-28 13:05:36.762,0 days 01:04:36.682000,10,658.9169444444424,0 days 00:01:52.182000,4591.0,54.0,2,5.0,False,1,car,5380.263333333331,0.9944876616245749,OnTrack,-2635.706200004127,-10496.942712593167,3765.758627784409,,,,
843,2022-08-28 13:05:36.813,0 days 01:04:36.733000,10,662.2744486577757,0 days 00:01:52.233000,4601.5187632,53.8406248,2,5.0,False,1,pos,5381.021420918723,0.9946277865038595,OnTrack,-2630.0,-10492.0,3766.0,,,,
844,2022-08-28 13:05:37.082,0 days 01:04:37.002000,10,679.983611111109,0 days 00:01:52.502000,4657.0,53.0,2,5.0,False,1,car,5384.974444444441,0.9953584632159236,OnTrack,-2611.178034317441,-10475.9959739606,3766.963993658374,,,,
845,2022-08-28 13:05:37.093,0 days 01:04:37.013000,10,680.716948711109,0 days 00:01:52.513000,4648.91495296,53.0,2,5.0,False,1,pos,5385.13614123102,0.995388351243556,OnTrack,-2610.0,-10475.0,3767.0,,,,
846,2022-08-28 13:05:37.282,0 days 01:04:37.202000,10,693.3169444444429,0 days 00:01:52.702000,4510.0,53.0,2,5.0,False,1,car,5387.918888888886,0.9959027142105167,OnTrack,-2580.761031171599,-10450.246037004026,3767.6221977547593,,,,
847,2022-08-28 13:05:37.393,0 days 01:04:37.313000,10,700.7169487111091,0 days 00:01:52.813000,4496.124992,53.0,2,5.0,False,1,pos,5389.5531769698755,0.9962047959547347,OnTrack,-2565.0,-10437.0,3768.0,,,,
848,2022-08-28 13:05:37.442,0 days 01:04:37.362000,10,703.983611111109,0 days 00:01:52.862000,4490.0,53.0,2,5.0,False,1,car,5390.2744444444415,0.9963381150061911,OnTrack,-2559.924445763421,-10432.788490721268,3768.17122962239,,,,
849,2022-08-28 13:05:37.673,0 days 01:04:37.593000,10,719.5119487466644,0 days 00:01:53.093000,4481.658331022222,53.0,2,5.0,False,1,pos,5393.673826611194,0.9969664566713725,OnTrack,-2544.0,-10420.0,3769.0,,,,
850,2022-08-28 13:05:37.802,0 days 01:04:37.722000,10,728.1836111111088,0 days 00:01:53.222000,4477.0,53.0,2,5.0,False,1,car,5395.574444444442,0.9973177667964586,OnTrack,-2530.2185112166426,-10408.84154996578,3769.457665071258,,,,
851,2022-08-28 13:05:37.913,0 days 01:04:37.833000,10,735.7377821333313,0 days 00:01:53.333000,4449.712484266666,53.0,2,5.0,False,1,pos,5397.21229561578,0.9976205071421554,OnTrack,-2517.0,-10398.0,3770.0,,,,
852,2022-08-28 13:05:38.042,0 days 01:04:37.962000,10,744.5169444444427,0 days 00:01:53.462000,4418.0,53.0,2,5.0,False,1,car,5399.1077777777755,0.9979708679899703,OnTrack,-2502.468090448576,-10385.882589090344,3770.867962624981,,,,
853,2022-08-28 13:05:38.073,0 days 01:04:37.993000,10,746.6438932799983,0 days 00:01:53.493000,4417.138887111111,52.91388871111111,2,5.0,False,1,pos,5399.5600325116175,0.998054462737077,OnTrack,-2499.0,-10383.0,3771.0,,,,
854,2022-08-28 13:05:38.313,0 days 01:04:38.233000,10,763.1105599466648,0 days 00:01:53.733000,4410.472220444444,52.24722204444444,2,5.0,False,1,pos,5403.025183783771,0.9986949611610981,OnTrack,-2472.0,-10361.0,3771.0,,,,
855,2022-08-28 13:05:38.402,0 days 01:04:38.322000,10,769.2169444444426,0 days 00:01:53.822000,4408.0,52.0,2,5.0,False,1,car,5404.307777777775,0.9989320357841949,OnTrack,-2462.2314327277804,-10353.287252105736,3771.4400331900915,,,,
856,2022-08-28 13:05:38.593,0 days 01:04:38.513000,10,782.3216710577763,0 days 00:01:54.013000,4431.875008,52.0,2,5.0,False,1,pos,5407.066629037711,0.9994419817419073,OnTrack,-2440.0,-10336.0,3773.0,,,,
857,2022-08-28 13:05:38.602,0 days 01:04:38.522000,10,782.9391666666652,0 days 00:01:54.022000,4433.0,52.0,2,5.0,False,1,car,5407.196666666664,0.9994660178920974,OnTrack,-2438.8118118206835,-10335.07145905796,3773.0583452068495,,,,
858,2022-08-28 13:05:38.753,0 days 01:04:38.673000,10,782.9391666666652,0 days 00:01:54.173000,4381.65997824,52.0,2,5.0,False,1,interpolation,5409.377930376392,0.9998692025898868,OnTrack,-2416.830064969488,-10317.81831087849,3773.7756506495825,,,,
